00000000000000000000000000000000000000000000000000000000000000000000000000000000000000000000000000000000000000000000000000000000000000000000
00000000000000000000000000000000000000000000000000000000111111111100000000000000000000000000000000000000000000000000000000000000000000000000
00000000000000000000000000000000000000000000000000000011111111111111000000000000000000000000000000000000000000000000000000000000000000000000
00000000000000000000000000000000000000000000000000001111110000000111100000000000000000000000000000000000000000000000000000000000000000000000
00000000000000000000000000000000000000000000000000011111000000000011111000000000000000000000000000000000000000000000000000000000000000000000
00000000000000000000000000000000000000000000000001111100000000000000111111100011111000000000000000000000000000000000000000000000000000000000
00000000000000000000000000000000000000000000000111110000000000000000011111111111111110000000000000000000000000000000000000000000000000000000
00000000000000000000000000000000000000000000001111100000000000000000000001111111011111000000000000000000000000000000000000000000000000000000
00000000000000000000000000000000000000000001111110000000000000000000000000000000000111110000000000000000000000000000000000000000000000000000
00000000000000000000000000000000000000001111111000000000000000000000000000000000000001111100000000000000000000000000000000000000000000000000
00000000000000000000000000000000000111111111000000000000000000000000000000000000000000111111111111000000000000000000000000000000000000000000
00000000000000000000000000000000001111111000000000000000000000000000000000000000000000001111111111110000000000000000000000000000000000000000
00000000000000000000000000000000011110000000000000000000000000000000000000000000000000000000000011111000000000000000000000000000000000000000
00000000000000000000000000000000111000000000000000000000000000000000000000000000000000000000000000111100000000000000000000000000000000000000
00000000000000000000000000000001110000000000000000000000000000000000111111000000000000000000000000001110000000000000000000000000000000000000
00000000000000000000000000000001110000000000000000000000000000000011111111000000000000000000000000000111000000000000000000000000000000000000
00000000000000000000000000000011100000000000000000000000000000000111100011100000000000000000000000000111100000000000000000000000000000000000
00000000000000000000000000000011100000000000000000000000000000000111000001110000000000000000000000000011110000000000000000000000000000000000
00000000000000000000000000001111000000000000000000000000000000001110000001110000000000000000000000000001111100000000000000000000000000000000
00000000000000000000000000011110000000000000000000000000000000011110000000111000000000000000000000000000011110000000000000000000000000000000
00000000000000000000000000111100000000000000000011111111111000011100000000011100000000000000000000000000001111100000000000000000000000000000
00000000000000000000000000111000000000000000000011111111111000011000000000011110000000000000000000000000000011110000000000000000000000000000
00000000000000000000000000110000000000000000000011000000111000011000000000001110000000000000000000000000000001111000000000000000000000000000
00000000000000000000000000110000000000000000000111000000110000111000000000000111100000000000000000000000000000111000000000000000000000000000
00000000000000000000000000110000000000000000001110000000110000111000000000000011100000000011100000000000000000011100000000000000000000000000
00000000000000000000000000110000000000000000001110000000110000110000000000000001110000000111110000000000000000011110000000000000000000000000
00000000000000000000000000110000000000000000011100000000111000110000000000000000111000001111111000000000000000001110000000000000000000000000
00000000000000000000000000110000000001111111111100000000011000110000000000000000011100001110111100000000000000000110000000000000000000000000
00000000000000000000000000110000000011111111111000000000011101110000000000000000011110001100011110000000000000000111000000000000000000000000
00000000000000000000000000110000000111100000000000000000011101100000000000000000001111001100001111111000000000000111000000000000000000000000
00000000000000000000000000110000000111000000000000000000001111100000000000000000000111101110000011111000000000000011000000000000000000000000
00000000000000000000000000110000000110000000000000000000001111100000000000000000000011111110000001110000000000000011000000000000000000000000
00000000000000000000000000110000001110000000000000000000000111100000000000000000000001111111000000110000000000000011100000000000000000000000
00000000000000000000000000110000001110000000000000000000000000000000000000000000000000111111100000110000000000000011100000000000000000000000
00000000000000000000000001110000011100000000000000000000000000000000000000000000000000001111100000111000000000000001100000000000000000000000
00000000000000000000000001110000011000000000000000000000000000000000000000000000000000000011100000111100000000000001100000000000000000000000
00000000000000000000000001100000111000000000000000000000000000000000000000000000000000000000000000011110000000000001100000000000000000000000
00000000000000000000000001100001111000000000000000000000000000000000000000000000000000000000000000001111100000000001100000000000000000000000
00000000000000000000000001100001110000000000000000000000000000000000000000000000000000000000000000000111111110000001100000000000000000000000
00000000000000000000000001100011100000000000000000000000000000000000000000000000000000000000000000000001111111000001100000000000000000000000
00000000000000000000000001100111100000000000000000000000000000000000000000000000000000000000000000000000000111110001100000000000000000000000
00000000000000000000000001101111000000000000000000000000000000000000000000000000000000000000000000000000000011111001100000000000000000000000
00000000000000000000000001111110000000000000000000000000000000000000000000000000000000000000000000000000000000111101100000000000000000000000
00000000000000000000000011111100000000000000000000000000000000000000000000000000000000000000000000000000000000011101100000000000000000000000
00000000000000000000000011111000000000000000000000000000000000000000000000000000000000000000000000000000000000001111100000000000000000000000
00000000000000000000000011110000000000000000000000000000000000000000000000000000000000000000000000000000000000000111100000000000000000000000
00000000000000000000000011100000000000000000000000000000000000000000000000000000000000000000000000000000000000000111100000000000000000000000
00000000000000000000000011100000000000000000000000000000000000000000000000000000000000000000000000000000000000000111100000000000000000000000
00000000000000000000000011100000000000000000000000000000000000000000000000000000000000000000000000000000000000000111100000000000000000000000
00000000000000000000000011100000000000000000000000000000000000000000000000000000000000000000000000000000000000000111000000000000000000000000
00000000000000000000000000000000000000000000000000000000000000000000000000000000000000000000000000000000000000000000000000000000000000000000
00000000000000000000000000000000000000000000000000000000000000000000000000000000000000000000000000000000000000000000000000000000000000000000
00000000000000000000000000000000000000000000000000000000000000000000000000000000000000000000000000000000000000000000000000000000000000000000
00000000000000000000000000000000000000000000000000000000000000000000000000000000000000000000000000000000000000000000000000000000000000000000
00000000000000000000000000000000000000000000000000000000000000000000000000000000000000000000000000000000000000000000000000000000000000000000
00000000000000000000000000000000000000000000000000000000000000000000000000000000000000000000000000000000000000000000000000000000000000000000
00000000000000000000000000000000000000000000000000000000000000000000000000000000000000000000000000000000000000000000000000000000000000000000
00000000000000000000000000000000000000000000000000000000000000000000000000000000000000000000000000000000000000000000000000000000000000000000
00000000000000000000000000000000000000000000000000000000000000000000000000000000000000000000000000000000000000000000000000000000000000000000
00000000000000000000000000000000000000000000000000000000000000000000000000000000000000000000000000000000000000000000000000000000000000000000
00000000000000000000000000000000000000000000000000000000000000000000000000000000000000000000000000000000000000000000000000000000000000000000
00000000000000000000000000000000000000000000000000000000000000000000000000000000000000000000000000000000000000000000000000000000000000000000
00000000000000000000000000000000000000000000000000000000000000000000000000000000000000000000000000000000000000000000000000000000000000000000
00000000000000000000000000000000000000000000000000000000000000000000000000000000000000000000000000000000000000000000000000000000000000000000
00000000000000000000000000000000000000000000000000000000000000000000000000000000000000000000000000000000000000000000000000000000000000000000
00000000000000000000000000000000000000000000000000000000000000000000000000000000000000000000000000000000000000000000000000000000000000000000
00000000000000000000000000000000000000000000000000000000000000000000000000000000000000000000000000000000000000000000000000000000000000000000
00000000000000000000000000000000000000000000000000000000000000000000000000000000000000000000000000000000000000000000000000000000000000000000
00000000000000000000000000000000000000000000000000000000000000000000000000000000000000000000000000000000000000000000000000000000000000000000
00000000000000000000000000000000000000000000000000000000000000000000000000000000000000000000000000000000000000000000000000000000000000000000
00000000000000000000000000000000000000000000000000000000000000000000000000000000000000000000000000000000000000000000000000000000000000000000
00000000000000000000000000000000000000000000000000000000000000000000000000000000000000000000000000000000000000000000000000000000000000000000
00000000000000000000000000000000000000000000000000000000000000000000000000000000000000000000000000000000000000000000000000000000000000000000
00000000000000000000000000000000000000000000000000000000000000000000000000000000000000000000000000000000000000000000000000000000000000000000
00000000000000000000000000000000000000000000000000000000000000000000000000000000000000000000000000000000000000000000000000000000000000000000
00000000000000000000000000000000000000000000000000000000000000000000000000000000000000000000000000000000000000000000000000000000000000000000
00000000000000000000000000000000000000000000000000000000000000000000000000000000000000000000000000000000000000000000000000000000000000000000
00000000000000000000000000000000000000000000000000000000000000000000000000000000000000000000000000000000000000000000000000000000000000000000
00000000000000000000000000000000000000000000000000000000000000000000000000000000000000000000000000000000000000000000000000000000000000000000
00000000000000000000000000000000000000000000000000000000000000000000000000000000000000000000000000000000000000000000000000000000000000000000
00000000000000000000000000000000000000000000000000000000000000000000000000000000000000000000000000000000000000000000000000000000000000000000
00000000000000000000000000000000000000000000000000000000000000000000000000000000000000000000000000000000000000000000000000000000000000000000
00000000000000000000000000000000000000000000000000000000000000000000000000000000000000000000000000000000000000000000000000000000000000000000
00000000000000000000000000000000000000000000000000000000000000000000000000000000000000000000000000000000000000000000000000000000000000000000
00000000000000000000000000000000000000000000000000000000000000000000000000000000000000000000000000000000000000000000000000000000000000000000
00000000000000000000000000000000000000000000000000000000000000000000000000000000000000000000000000000000000000000000000000000000000000000000
00000000000000000000000000000000000000000000000000000000000000000000000000000000000000000000000000000000000000000000000000000000000000000000
00000000000000000000000000000000000000000000000000000000000000000000000000000000000000000000000000000000000000000000000000000000000000000000
00000000000000000000000000000000000000000000000000000000000000000000000000000000000000000000000000000000000000000000000000000000000000000000
00000000000000000000000000000000000000000000000000000000000000000000000000000000000000000000000000000000000000000000000000000000000000000000
00000000000000000000000000000000000000000000000000000000000000000000000000000000000000000000000000000000000000000000000000000000000000000000
00000000000000000000000000000000000000000000000000000000000000000000000000000000000000000000000000000000000000000000000000000000000000000000
00000000000000000000000000000000000000000000000000000000000000000000000000000000000000000000000000000000000000000000000000000000000000000000
00000000000000000000000000000000000000000000000000000000000000000000000000000000000000000000000000000000000000000000000000000000000000000000
00000000000000000000000000000000000000000000000000000000000000000000000000000000000000000000000000000000000000000000000000000000000000000000
00000000000000000000000000000000000000000000000000000000000000000000000000000000000000000000000000000000000000000000000000000000000000000000
00000000000000000000000000000000000000000000000000000000000000000000000000000000000000000000000000000000000000000000000000000000000000000000
00000000000000000000000000000000000000000000000000000000000000000000000000000000000000000000000000000000000000000000000000000000000000000000
00000000000000000000000000000000000000000000000000000000000000000000000000000000000000000000000000000000000000000000000000000000000000000000
00000000000000000000000000000000000000000000000000000000000000000000000000000000000000000000000000000000000000000000000000000000000000000000
00000000000000000000000000000000000000000000000000000000000000000000000000000000000000000000000000000000000000000000000000000000000000000000
00000000000000000000000000000000000000000000000000000000000000000000000000000000000000000000000000000000000000000000000000000000000000000000
00000000000000000000000000000000000000000000000000000000000000000000000000000000000000000000000000000000000000000000000000000000000000000000
00000000000000000000000000000000000000000000000000000000000000000000000000000000000000000000000000000000000000000000000000000000000000000000
00000000000000000000000000000000000000000000000000000000000000000000000000000000000000000000000000000000000000000000000000000000000000000000
00000000000000000000000000000000000000000000000000000000000000000000000000000000000000000000000000000000000000000000000000000000000000000000
00000000000000000000000000000000000000000000000000000000000000000000000000000000000000000000000000000000000000000000000000000000000000000000
00000000000000000000000000000000000000000000000000000000000000000000000000000000000000000000000000000000000000000000000000000000000000000000
00000000000000000000000000000000000000000000000000000000000000000000000000000000000000000000000000000000000000000000000000000000000000000000
00000000000000000000000000000000000000000000000000000000000000000000000000000000000000000000000000000000000000000000000000000000000000000000
00000000000000000000000000000000000000000000000000000000000000000000000000000000000000000000000000000000000000000000000000000000000000000000
00000000000000000000000000000000000000000000000000000000000000000000000000000000000000000000000000000000000000000000000000000000000000000000
00000000000000000000000000000000000000000000000000000000000000000000000000000000000000000000000000000000000000000000000000000000000000000000
00000000000000000000000000000000000000000000000000000000000000000000000000000000000000000000000000000000000000000000000000000000000000000000
00000000000000000000000000000000000000000000000000000000000000000000000000000000000000000000000000000000000000000000000000000000000000000000
00000000000000000000000000000000000000000000000000000000000000000000000000000000000000000000000000000000000000000000000000000000000000000000
00000000000000000000000000000000000000000000000000000000000000000000000000000000000000000000000000000000000000000000000000000000000000000000
00000000000000000000000000000000000000000000000000000000000000000000000000000000000000000000000000000000000000000000000000000000000000000000
00000000000000000000000000000000000000000000000000000000000000000000000000000000000000000000000000000000000000000000000000000000000000000000
00000000000000000000000000000000000000000000000000000000000000000000000000000000000000000000000000000000000000000000000000000000000000000000
00000000000000000000000000000000000000000000000000000000000000000000000000000000000000000000000000000000000000000000000000000000000000000000
00000000000000000000000000000000000000000000000000000000000000000000000000000000000000000000000000000000000000000000000000000000000000000000
00000000000000000000000000000000000000000000000000000000000000000000000000000000000000000000000000000000000000000000000000000000000000000000
00000000000000000000000000000000000000000000000000000000000000000000000000000000000000000000000000000000000000000000000000000000000000000000
00000000000000000000000000000000000000000000000000000000000000000000000000000000000000000000000000000000000000000000000000000000000000000000
00000000000000000000000000000000000000000000000000000000000000000000000000000000000000000000000000000000000000000000000000000000000000000000
00000000000000000000000000000000000000000000000000000000000000000000000000000000000000000000000000000000000000000000000000000000000000000000
00000000000000000000000000000000000000000000000000000000000000000000000000000000000000000000000000000000000000000000000000000000000000000000
00000000000000000000000000000000000000000000000000000000000000000000000000000000000000000000000000000000000000000000000000000000000000000000
00000000000000000000000000000000000000000000000000000000000000000000000000000000000000000000000000000000000000000000000000000000000000000000
00000000000000000000000000000000000000000000000000000000000000000000000000000000000000000000000000000000000000000000000000000000000000000000
00000000000000000000000000000000000000000000000000000000000000000000000000000000000000000000000000000000000000000000000000000000000000000000
00000000000000000000000000000000000000000000000000000000000000000000000000000000000000000000000000000000000000000000000000000000000000000000
00000000000000000000000000000000000000000000000000000000000000000000000000000000000000000000000000000000000000000000000000000000000000000000
00000000000000000000000000000000000000000000000000000000000000000000000000000000000000000000000000000000000000000000000000000000000000000000
00000000000000000000000000000000000000000000000000000000000000000000000000000000000000000000000000000000000000000000000000000000000000000000
00000000000000000000000000000000000000000000000000000000000000000000000000000000000000000000000000000000000000000000000000000000000000000000
00000000000000000000000000000000000000000000000000000000000000000000000000000000000000000000000000000000000000000000000000000000000000000000
00000000000000000000000000000000000000000000000000000000000000000000000000000000000000000000000000000000000000000000000000000000000000000000
00000000000000000000000000000000000000000000000000000000000000000000000000000000000000000000000000000000000000000000000000000000000000000000
