1111111111111111111111111111111111111111111111111111111111111111111111111111111111111111111111111111
1111111111111111111111111111111111111111111111111111111111111111111111111111111111111111111111111111
1111111111111111111111111111111111111111111111111111111111111111111111111111111111111111111111111111
1111111111111111111111111111111111111111111111111111111111111111111111111111111111111111111111111111
1111111111111111111111111111111111111111111111111111111111111111111111111111111111111111111111111111
1111111111111111111111111111111111111111111111111111111111111111111111111111111111111111111111111111
1111111111111111111111111111111111111111111111111111111111111111111111111111111111111111111111111111
1111111111111111111111111111111111111111111111111111111111111111111111111111111111111111111111111111
1111111111111111111111111111111111111111111111111111111111111111111111111111111111111111111111111111
1111111111111111111111111111111111111111111111111111111111111111111111111111111111111111111111111111
1111111111111111111111111111111111111111111111111111111111111111111111111111111111111111111111111111
1111111111111111111111111111111111111111111111111111111111111111111111111111111111111111111111111111
1111111111111111111111111111111111111111111111111111111111111111111111111111111111111111111111111111
1111111111111111111111111111111111111111111111111111111111111111111111111111111111111111111111111111
1111111111111111111111111111111111111111111111111111111111111111111111111111111111111111111111111111
1111111111111111111111111111111111111111111111111111111111111111111111111111111111111111111111111111
1111111111111111111111111111111111111111111111111111111111111111111111111111111111111111111111111111
1111111111111111111111111111111111111111111111111111111111111111111111111111111111111111111111111111
1111111111111111111111111111111111111111111111111111111111111111111111111111111111111111111111111111
1111111111111111111111111111111111111111111111111111111111111111111111111111111111111111111111111111
1111111111111111111111111111111111111111111111111111111111111111111111111111111111111111111111111111
1111111111111111111111111111111111111111111111111111111111111111111111111111111111111111111111111111
1111111111111111111111111111111111111111111111111111111111111111111111111111111111111111111111111111
1111111111111111111111111111111111111111111111111111111111111111111111111111111111111111111111111111
1111111111111111111111110000000000000000000000000000000000000000000000000001111111111111111111111111
1111111111111111111111110111111111111111111111111111111111111111111111111101111111111111111111111111
1111111111111111111111110111111111111111111111111111111111111111111111111101111111111111111111111111
1111111111111111111111110111111111111111111111111111111111111111111111111101111111111111111111111111
1111111111111111111111110111111111111111111111111111111111111111111111111101111111111111111111111111
1111111111111111111111110111111111111111111111111111111111111111111111111101111111111111111111111111
1111111111111111111111110111111111111111111111111111111111111111111111111101111111111111111111111111
1111111111111111111111110111111111111111111000000000000011111111111111111101111111111111111111111111
1111111111111111111111110111111111111110000000000000000000011111111111111101111111111111111111111111
1111111111111111111111110111111111100000000000000000000000000111111111111101111111111111111111111111
1111111111111111111111110111111110000000000111111111111100000000111111111101111111111111111111111111
1111111111111111111111110111111100000011111111111111111111110000011111111101111111111111111111111111
1111111111111111111111110111110000011111111111111111111111111111111111111101111111111111111111111111
1111111111111111111111110111100001111111111111111111111111111111111111111101111111111111111111111111
1111111111111111111111110111000111111111111111111111111111111111111111111101111111111111111111111111
1111111111111111111111110110001111111111111111111111111111111111111111111101111111111111111111111111
1111111111111111111111110110011111111111000000000000000001111111111111111101111111111111111111111111
1111111111111111111111110111111111111000011111111111111100001111111111111101111111111111111111111111
1111111111111111111111110111111111100011111111100011111111100111111111111101111111111111111111111111
1111111111111111111111110111111110001111111110000000111111110001111111111101111111111111111111111111
1111111111111111111111110111111100111111111110000000111111111100111111111101111111111111111111111111
1111111111111111111111110111111001111111111100001000011111111110011111111101111111111111111111111111
1111111111111111111111110111110011111111111100011000011111111111001111111101111111111111111111111111
1111111111111111111111110111110011111111111100011100011111111111101111111101111111111111111111111111
1111111111111111111111110111111000111111111110001000111111111111001111111101111111111111111111111111
1111111111111111111111110111111110001111111110000000111111111110011111111101111111111111111111111111
1111111111111111111111110111111111110001111111100011111111110001111111111101111111111111111111111111
1111111111111111111111110111111111111100000111111111111110000111111111111101111111111111111111111111
1111111111111111111111110111111111111111110000000000000000111111111111111101111111111111111111111111
1111111111111111111111110111111111111111111111111111111111111111111111111101111111111111111111111111
1111111111111111111111110111111111111111111111111111111111111111111111111101111111111111111111111111
1111111111111111111111110111111111111111111111111111111111111111111111111101111111111111111111111111
1111111111111111111111110111111111111111111111111111111111111111111111111101111111111111111111111111
1111111111111111111111110111111111111111111111111111111111111111111111111101111111111111111111111111
1111111111111111111111110111111111111111111111111111111111111111111111111101111111111111111111111111
1111111111111111111111110111111111111111111111111111111111111111111111111101111111111111111111111111
1111111111111111111111110111111111111111111111111111111111111111111111111101111111111111111111111111
1111111111111111111111110111111111111111111111111111111111111111111111111101111111111111111111111111
1111111111111111111111110111111111111111111111111111111111111111111111111101111111111111111111111111
1111111111111111111111110111111111111111111111111111111111111111111111111101111111111111111111111111
1111111111111111111111110111111111111111111111111111111111111111111111111101111111111111111111111111
1111111111111111111111110111111111111111111111111111111111111111111111111101111111111111111111111111
1111111111111111111111110111111111111111111111111111111111111111111111111101111111111111111111111111
1111111111111111111111110111111111111111111111111111111111111111111111111101111111111111111111111111
1111111111111111111111110111111111111111111111111111111111111111111111111101111111111111111111111111
1111111111111111111111110111111111111111111111111111111111111111111111111101111111111111111111111111
1111111111111111111111110111111111111111111111111111111111111111111111111101111111111111111111111111
1111111111111111111111110111111111111111111111111111111111111111111111111101111111111111111111111111
1111111111111111111111110111111111111111111111111111111111111111111111111101111111111111111111111111
1111111111111111111111110111111111111111111111111111111111111111111111111101111111111111111111111111
1111111111111111111111110000000000000000000000000000000000000000000000000001111111111111111111111111
1111111111111111111111111111111111111111111111111111111111111111111111111111111111111111111111111111
1111111111111111111111111111111111111111111111111111111111111111111111111111111111111111111111111111
1111111111111111111111111111111111111111111111111111111111111111111111111111111111111111111111111111
1111111111111111111111111111111111111111111111111111111111111111111111111111111111111111111111111111
1111111111111111111111111111111111111111111111111111111111111111111111111111111111111111111111111111
1111111111111111111111111111111111111111111111111111111111111111111111111111111111111111111111111111
1111111111111111111111111111111111111111111111111111111111111111111111111111111111111111111111111111
1111111111111111111111111111111111111111111111111111111111111111111111111111111111111111111111111111
1111111111111111111111111111111111111111111111111111111111111111111111111111111111111111111111111111
1111111111111111111111111111111111111111111111111111111111111111111111111111111111111111111111111111
1111111111111111111111111111111111111111111111111111111111111111111111111111111111111111111111111111
1111111111111111111111111111111111111111111111111111111111111111111111111111111111111111111111111111
1111111111111111111111111111111111111111111111111111111111111111111111111111111111111111111111111111
1111111111111111111111111111111111111111111111111111111111111111111111111111111111111111111111111111
1111111111111111111111111111111111111111111111111111111111111111111111111111111111111111111111111111
1111111111111111111111111111111111111111111111111111111111111111111111111111111111111111111111111111
1111111111111111111111111111111111111111111111111111111111111111111111111111111111111111111111111111
1111111111111111111111111111111111111111111111111111111111111111111111111111111111111111111111111111
1111111111111111111111111111111111111111111111111111111111111111111111111111111111111111111111111111
1111111111111111111111111111111111111111111111111111111111111111111111111111111111111111111111111111
1111111111111111111111111111111111111111111111111111111111111111111111111111111111111111111111111111
1111111111111111111111111111111111111111111111111111111111111111111111111111111111111111111111111111
1111111111111111111111111111111111111111111111111111111111111111111111111111111111111111111111111111
1111111111111111111111111111111111111111111111111111111111111111111111111111111111111111111111111111
1111111111111111111111111111111111111111111111111111111111111111111111111111111111111111111111111111
