11111111111111111111111111111111111111111111111111111111111111111111111111111111111111111111111111111111111111111111111111111111111111111111111111111111111111111111111111111111111111111111111111111111
11111111111111111111111111111111111111111111111111111111111111111111111111111111111111111111111111111111111111111111111111111111111111111111111111111111111111111111111111111111111111111111111111111111
11111111111111111111111111111111111111111111111111111111111111111111111111111111111111111111111111111111111111111111111111111111111111111111111111111111111111111111111111111111111111111111111111111111
11111111111111111111111111111111111111111111111111111111111111111111111111111111111111111111111111111111111111111111111111111111111111111111111111111111111111111111111111111111111111111111111111111111
11111111111111111111111111111111111111111111111111111111111111111111111111111111111111111111111111111111111111111111111111111111111111111111111111111111111111111111111111111111111111111111111111111111
11111111111111111111111111111111111111111111111111111111111111111111111111111111111111111111111111111111111111111111111111111111111111111111111111111111111111111111111111111111111111111111111111111111
11111111111111111111111111111111111111111111111111111111111111111111111111111111111111111111111111111111111111111111111111111111111111111111111111111111111111111111111111111111111111111111111111111111
11111111111111111111111111111111111111111111111111111111111111111111111111111111111111111111111111111111111111111111111111111111111111111111111111111111111111111111111111111111111111111111111111111111
11111111111111111111111111111111111111111111111111111111111111111111111111111111111111111111111111111111111111111111111111111111111111111111111111111111111111111111111111111111111111111111111111111111
11111111111111111111111111111111111111111111111111111111111111111111111111111111111111111111111111111111111111111111111111111111111111111111111111111111111111111111111111111111111111111111111111111111
11111111111111111111111111111111111111111111111111111111111111111111111111111111111111111111111111111111111111111111111111111111111111111111111111111111111111111111111111111111111111111111111111111111
11111111111111111111111111111111111111111111111111111111111111111111111111111111111111111111111111111111111111111111111111111111111111111111111111111111111111111111111111111111111111111111111111111111
11111111111111111111111111111111111111111111111111111111111111111111111111111111111111111111111111111111111111111111111111111111111111111111111111111111111111111111111111111111111111111111111111111111
11111111111111111111111111111111111111111111111111111111111111111111111111111111111111111111111111111111111111111111111111111111111111111111111111111111111111111111111111111111111111111111111111111111
11111111111111111111111111111111111111111111111111111111111111111111111111111111111111111111111111111111111111111111111111111111111111111111111111111111111111111111111111111111111111111111111111111111
11111111111111111111111111111111111111111111111111111111111111111111111111111111111111111111111111111111111111111111111111111111111111111111111111111111111111111111111111111111111111111111111111111111
11111111111111111111111111111111111111111111111111111111111111111111111111111111111111111111111111111111111111111111111111111111111111111111111111111111111111111111111111111111111111111111111111111111
11111111111111111111111111111111111111111111111111111111111111111111111111111111111111111111111111111111111111111111111111111111111111111111111111111111111111111111111111111111111111111111111111111111
11111111111111111111111111111111111111111111111111111111111111111111111111111111111111111111111111111111111111111111111111111111111111111111111111111111111111111111111111111111111111111111111111111111
11111111111111111110000000000000000000000000000000000000000000000000000000000000000000000000000000000000000000000000000000000000000000000000000000000000000000000000000000000000000011111111111111111111
11111111111111111110111111111111111111111111111111111111111111111111111111111111111111111111111111111111111111111111111111111111111111111111111111111111111111111111111111111111111011111111111111111111
11111111111111111110111111111111111111111111111111111111111111111111111111111111111111111111111111111111111111111111111111111111111111111111111111111111111111111111111111111111111011111111111111111111
11111111111111111110111111111111111111111111111111111111111111111111111111111111111111111111111111111111111111111111111111111111111111111111111111111111111111111111111111111111111011111111111111111111
11111111111111111110111111111111111111111111111111111111111111111111111111111111111111111111111111111111111111111111111111111111111111111111111111111111111111111111111111111111111011111111111111111111
11111111111111111110111111111111111111111111111111111111111111111111111111111111100011111111111111111111111111111111111111111111111111111111111111111111111111111111111111111111111011111111111111111111
11111111111111111110111111111111111111111111111111111111111111111111111111111111100011111111111111111111111111111111111111111111111111111111111111111111111111111111111111111111111011111111111111111111
11111111111111111110111111111111111111111111111111111111111111111111111111111111100011111111111111111111111111111111111111111111111111111111111111111111111111111111111111111111111011111111111111111111
11111111111111111110111111111111111111111111111111111111111111111111111111111111100011111111111111111111111111111111111111111111111111111111111111111111111111111111111111111111111011111111111111111111
11111111111111111110111111111111111111111111111111111111111111111111111111111111100001111111111111111111111111111111111111111111111111111111111111111111111111111111111111111111111011111111111111111111
11111111111111111110111111111111111111111111111111111111111111111111111111111111110000111111111111111111111111111111111111111111111111111111111111111111111111111111111111111111111011111111111111111111
11111111111111111110111111111111111111111111111111111111111111111111111111111111111000000001111111111111111111000111111111111111111111111111111111111111111111111111111111111111111011111111111111111111
11111111111111111110111111111111111111111111111111111111111111111111111111111111111110000001111111111111111100000111111111111111111111111111111111111111111111111111111111111111111011111111111111111111
11111111111111111110111111111111111111111111111111111111111111111111111111111111111111111000111111000000000000011111111111111111111111111111111111111111111111111111111111111111111011111111111111111111
11111111111111111110111111111111111111111111111111111111111111111111111111111111111111111100111100000000000000111111111111111111111111111111111111111111111111111111111111111111111011111111111111111111
11111111111111111110111111111111111111111111111111111111111111111111111111111111111111111100011000011111111111111111111111111111111111111111111111111111111111111111111111111111111011111111111111111111
11111111111111111110111111111111111111111111111111111111111111111111111111111111111111111110000001111111111111111111111111111111111111111111111111111111111111111111111111111111111011111111111111111111
11111111111111111110111111111111111111111111111111111111111111111111111111111111111111111110000011111111111111111111111111111111111111111111111111111111111111111111111111111111111011111111111111111111
11111111111111111110111111111111111111111111111111111111111111111111111111111111111111111000000000000111111111111111111111111111111111111111111111111111111111111111111111111111111011111111111111111111
11111111111111111110111111111111111111111111111111111111111111111111111111111111111110000000000000000000011111111111111111111111111111111111111111111111111111111111111111111111111011111111111111111111
11111111111111111110111111111111111111111111111111111111111111111111111111111111110000000011111111110000000011111111111111111111111111111111111111111111111111111111111111111111111011111111111111111111
11111111111111111110111111111111111111111111111111111111111111111111111111111111000000111111111111111111000000111111111111111111111111111111111111111111111111111111111111111111111011111111111111111111
11111111111111111110111111111111111111111111111111111111111111111111111111111100000111111111111111111111111000001111111111111111111111111111111111111111111111111111111111111111111011111111111111111111
11111111111111111110111111111111111111111111111111111111111111111111111111111000011111111111111111111111111110000111111111111111111111111111111111111111111111111111111111111111111011111111111111111111
11111111111111111110111111111111111111111111111111111111111111111111111111100001111111111111111111111111111111100001111111111111111111111111111111111111111111111111111111111111111011111111111111111111
11111111111111111110111111111111111111111111111111111111111111111111111111000011111111111111111111111111111111110000111111111111111111111111111111111111111111111111111111111111111011111111111111111111
11111111111111111110111111111111111111111111111111111111111111111111111110001111111111111111111111111111111111111100011111111111111111111111111111111111111111111111111111111111111011111111111111111111
11111111111111111110111111111111111111111111111111111111111111111111111100011111111111111111111111111111111111111110001111111111111111111111111111111111111111111111111111111111111011111111111111111111
11111111111111111110111111111111111111111111111111111111111111111111111000111111111111111111111111111111111111111111000111111111111111111111111111111111111111111111111111111111111011111111111111111111
11111111111111111110111111111111111111111111111111111111111111111111110001111111111111111111111111111111111111111111100011111111111111111111111111111111111111111111111111111111111011111111111111111111
11111111111111111110111111111111111111111111111111111111111111111111100011111111111111111111111111111111111111111111110001111111111111111111111111111111111111111111111111111111111011111111111111111111
11111111111111111110111111111111111111111111111111111111111111111111000111111111111111111111111111111111111111111111111000111111111111111111111111111111111111111111111111111111111011111111111111111111
11111111111111111110111111111111111111111111111111111111111111111110001111111111111111111111111111111111111111111111111100011111111111111111111111111111111111111111111111111111111011111111111111111111
11111111111111111110111111111111111111111111111111111111111111111100011111111111111111111111111111111111111111111111111110001111111111111111111111111111111111111111111111111111111011111111111111111111
11111111111111111110111111111111111111111111111111111111111111111000111111111111111111111111111111111111111111111111111111000111111111111111111111111111111111111111111111111111111011111111111111111111
11111111111111111110111111111111111111111111111111111111111111110001111111111111111111111111111111111111111111111111111111100011111111111111111111111111111111111111111111111111111011111111111111111111
11111111111111111110111111111111111111111111111111111111111111110011111111111111111111111111111111111111111111111111111111110011111111111111111111111111111111111111111111111111111011111111111111111111
11111111111111111110111111111111111111111111111111111111111111100011111111111111111111111111111111111111111111111111111111110001111111111111111111111111111111111111111111111111111011111111111111111111
11111111111111111110111111111111111111111111111111111111111111000111111111111111111111111111111111111111111111111111111111111000111111111111111111111111111111111111111111111111111011111111111111111111
11111111111111111110111111111111111111111111111111111111111111001111111111111111111111111111111111111111111111111111111111111100111111111111111111111111111111111111111111111111111011111111111111111111
11111111111111111110111111111111111111111111111111111111111110001111111111111111111111111111111111111111111111111111111111111100011111111111111111111111111111111111111111111111111011111111111111111111
11111111111111111110111111111111111111111111111111111111111110011111111111111111111111111111111111111111111111111111111111111110011111111111111111111111111111111111111111111111111011111111111111111111
11111111111111111110111111111111111111111111111111111111111100011111111111111111111111111111111111111111111111111111111111111110001111111111111111111111111111111111111111111111111011111111111111111111
11111111111111111110111111111111111111111111111111111111111000111111111111111111111111111111111111111111111111111111111111111111000111111111111111111111111111111111111111111111111011111111111111111111
11111111111111111110111111111111111111111111111111111111111001111111111111111111111111111111111111111111111111111111111111111111100111111111111111111111111111111111111111111111111011111111111111111111
11111111111111111110111111111111111111111111111111111111111001111111111111111111111111111111111111111111111111111111111111111111100111111111111111111111111111111111111111111111111011111111111111111111
11111111111111111110111111111111111111111111111111111111110001111111111111111111111111111111111111111111111111111111111111111111100011111111111111111111111111111111111111111111111011111111111111111111
11111111111111111110111111111111111111111111111111111111110011111111111111111111111111111111111111111111111111111111111111111111110011111111111111111111111111111111111111111111111011111111111111111111
11111111111111111110111111111111111111111111111111111111100011111111111111111111111111111111111111111111111111111111111111111111110001111111111111111111111111111111111111111111111011111111111111111111
11111111111111111110111111111111111111111111111111111111100111111111111111111111111111111111111111111111111111111111111111111111111001111111111111111111111111111111111111111111111011111111111111111111
11111111111111111110111111111111111111111111111111111111000111111111111111111111111111111111111111111111111111111111111111111111111000111111111111111111111111111111111111111111111011111111111111111111
11111111111111111110111111111111111111111111111111111111001111111111111111111111111111111111111111111111111111111111111111111111111100111111111111111111111111111111111111111111111011111111111111111111
11111111111111111110111111111111111111111111111111111111001111111111111111111111111111111111111111111111111111111111111111111111111100111111111111111111111111111111111111111111111011111111111111111111
11111111111111111110111111111111111111111111111111111110001111111111111111111111111111111111111111111111111111111111111111111111111100011111111111111111111111111111111111111111111011111111111111111111
11111111111111111110111111111111111111111111111111111110011111111111111110000000011111111111111111111111111111111111111111111111111110011111111111111111111111111111111111111111111011111111111111111111
11111111111111111110111111111111111111111111111111111110011111111111100000000000011111111111111111111111111111100000000000011111111110011111111111111111111111111111111111111111111011111111111111111111
11111111111111111110111111111111111111111111111111111100011111111110000000111111111111111111111111111111111111100000000000000011111110001111111111111111111111111111111111111111111011111111111111111111
11111111111111111110111111111111111111111111111111111100111111110000001111111111111111111111111111111111111111111111111111000000111111001111111111111111111111111111111111111111111011111111111111111111
11111111111111111110111111111111111111111111111111111100111111000000111111111111111111111111111111111111111111111111111111110000111111001111111111111111111111111111111111111111111011111111111111111111
11111111111111111110111111111111111111111111111111111100111111000111111111111111111111111111111111111111111111111111111111111111111111001111111111111111111111111111111111111111111011111111111111111111
11111111111111111110111111111111111111111111111111111000111111111111111111111111111111111111111111111111111111111111111111111111111111000111111111111111111111111111111111111111111011111111111111111111
11111111111111111110111111111111111111111111111111111001111111111111111111111111111111111111111111111111111111111111111111111111111111100111111111111111111111111111111111111111111011111111111111111111
11111111111111111110111111111111111111111111111111111001111111111111111111111111111111111111111111111111111111111111111111111111111111100111111111111111111111111111111111111111111011111111111111111111
11111111111111111110111111111111111111111111111111111001111111111111111100000000000111111111111111111111111111100000000001111111111111100111111111111111111111111111111111111111111011111111111111111111
11111111111111111110111111111111111111111111111111110001111111111111100000000000000001111111111111111111111110000000000000001111111111100011111111111111111111111111111111111111111011111111111111111111
11111111111111111110111111111111111111111111111111110011111111111110000001111111100000111111111111111111111100001111111100000011111111110011111111111111111111111111111111111111111011111111111111111111
11111111111111111110111111111111111111111111111111110011111111111100001111111111111000001111111111111111110000111111111111100001111111110011111111111111111111111111111111111111111011111111111111111111
11111111111111111110111111111111111111111111111111110011111111111000111111111111111100001111111111111111100001111111111111110000111111110011111111111111111111111111111111111111111011111111111111111111
11111111111111111110111111111111111111111111111111110011111111100001111111111111111111001111111111111111100111111111111111111100111111110011111111111111111111111111111111111111111011111111111111111111
11111111111111111110111111111111111111111111111111110011111111000011111111111111111111111111001111111111111111111111111111111111111111110011111111111111111111111111111111111111111011111111111111111111
11111111111111111110111111111111111111111111111111110011111111001111111111111111111111111111001111100111111111111111111111111111111111110011111111111111111111111111111111111111111011111111111111111111
11111111111111111110111111111111111111111111111111100011111111111111111111111111111111111111001111100111111111111111111111111111111111110001111111111111111111111111111111111111111011111111111111111111
11111111111111111110111111111111111111111111111111100111111111111111111111111111111111111111001111100111111111111111111111111111111111111001111111111111111111111111111111111111111011111111111111111111
11111111111111111110111111111111111111111111111111100111111111111111111111111111111111111111001111100111111111111111111111111111111111111001111111111111111111111111111111111111111011111111111111111111
11111111111111111110111111111111111111111111111111100111111111111111111111111111111111111111001111100111111111111111111111111111111111111001111111111111111111111111111111111111111011111111111111111111
11111111111111111110111111111111111111111111111111100111111111111111111111111111111111111111001111100111111111111111111111111111111111111001111111111111111111111111111111111111111011111111111111111111
11111111111111111110111111111111111111111111111111100111111111111111111111111111111111111111001111100011111111111111111111111111111111111001111111111111111111111111111111111111111011111111111111111111
11111111111111111110111111111111111111111111111111100111111111111111111111111111111111111111001111110011111111111111111111111111111111111001111111111111111111111111111111111111111011111111111111111111
11111111111111111110111111111111111111111111111111100111111111111111111111111111111111111111001111110011111111111111111111111111111111111001111111111111111111111111111111111111111011111111111111111111
11111111111111111110111111111111111111111111111111100111111111111111111111111111111111111111001111110011111111111111111111111111111111111001111111111111111111111111111111111111111011111111111111111111
11111111111111111110111111111111111111111111111111100111111111111111111111111111111111111110001111110011111111111111111111111111111111111001111111111111111111111111111111111111111011111111111111111111
11111111111111111110111111111111111111111111111111100111111111111111111111111111111111111110011111110011111111111111111111111111111111111001111111111111111111111111111111111111111011111111111111111111
11111111111111111110111111111111111111111111111111100111111111111111111111111111111111111110011111110001111111111111111111111111111111111001111111111111111111111111111111111111111011111111111111111111
11111111111111111110111111111111111111111111111111100111111111111111111111111111111111111100011111111000111111111111111111111111111111111001111111111111111111111111111111111111111011111111111111111111
11111111111111111110111111111111111111111111111111100111111111111111111111111111111111111100111111111100011111111111111111111111111111111001111111111111111111111111111111111111111011111111111111111111
11111111111111111110111111111111111111111111111111100111111111111111111111111111111111111000111111111110011111111111111111111111111111111001111111111111111111111111111111111111111011111111111111111111
11111111111111111110111111111111111111111111111111100111111111111111111111111111111111111001111111111110011111111111111111111111111111111001111111111111111111111111111111111111111011111111111111111111
11111111111111111110111111111111111111111111111111100111111111111111111111111111111111110001111111111111111111111111111111111111111111111001111111111111111111111111111111111111111011111111111111111111
11111111111111111110111111111111111111111111111111100111111111111111111111111111111111110011111111100111111111111111111111111111111111111001111111111111111111111111111111111111111011111111111111111111
11111111111111111110111111111111111111111111111111100111111111111111111111111111111111110011110011100111111111111111111111111111111111111001111111111111111111111111111111111111111011111111111111111111
11111111111111111110111111111111111111111111111111100011111111111111111111111111111111111111110011111111111111111111111111111111111111110001111111111111111111111111111111111111111011111111111111111111
11111111111111111110111111111111111111111111111111110011111111111111111111111111111111111111111111111111111111111111111111111111111111110011111111111111111111111111111111111111111011111111111111111111
11111111111111111110111111111111111111111111111111110011111111111111111111111111111111111111111111111111111111111111111111111111111111110011111111111111111111111111111111111111111011111111111111111111
11111111111111111110111111111111111111111111111111110011111111111111111111111111111111111111111111111111111111111111111111111111111111110011111111111111111111111111111111111111111011111111111111111111
11111111111111111110111111111111111111111111111111110011111111111111111111111111111111111111111111111111111111111111111111111111111111110011111111111111111111111111111111111111111011111111111111111111
11111111111111111110111111111111111111111111111111110011111111111111111111111111111111111111111111111111111111111111111111111111111111110011111111111111111111111111111111111111111011111111111111111111
11111111111111111110111111111111111111111111111111110011111111111111111111111111111111111111111111111111111111111111111111111111111111110011111111111111111111111111111111111111111011111111111111111111
11111111111111111110111111111111111111111111111111110001111111111111111111111111111111111111111111111111111111111111111111111111111111100011111111111111111111111111111111111111111011111111111111111111
11111111111111111110111111111111111111111111111111111001111111111111111111111111111111111111111111111111111111111111111111111111111111100111111111111111111111111111111111111111111011111111111111111111
11111111111111111110111111111111111111111111111111111001111111111111111111111111111111111111111111111111111111111111111111111111111111100111111111111111111111111111111111111111111011111111111111111111
11111111111111111110111111111111111111111111111111111001111111111111111111111111111111111111111111111111111111111111111111111111111111100111111111111111111111111111111111111111111011111111111111111111
11111111111111111110111111111111111111111111111111111000111111111111111111111111111111111111111111111111111111111111111111111111111111000111111111111111111111111111111111111111111011111111111111111111
11111111111111111110111111111111111111111111111111111100111111111111111111111111111111111111111111111111111111111111111111111111111111001111111111111111111111111111111111111111111011111111111111111111
11111111111111111110111111111111111111111111111111111100111111111111111111111111111111111111111111111111111111111111111111111111111111001111111111111111111111111111111111111111111011111111111111111111
11111111111111111110111111111111111111111111111111111100111111111111111111111111111111111111111111111111111111111111111111111111111111001111111111111111111111111111111111111111111011111111111111111111
11111111111111111110111111111111111111111111111111111100011111111111111111111111111100000000001111111111111111111111111111111111111110001111111111111111111111111111111111111111111011111111111111111111
11111111111111111110111111111111111111111111111111111110011111111111111111111111000000000000000001111111111111111111111111111111111110011111111111111111111111111111111111111111111011111111111111111111
11111111111111111110111111111111111111111111111111111110011111111111111111111000000000000000000000001111111000011111111111111111111110011111111111111111111111111111111111111111111011111111111111111111
11111111111111111110111111111111111111111111111111111110001111111111111111110000000001111111000000000000000000011111111111111111111100011111111111111111111111111111111111111111111011111111111111111111
11111111111111111110111111111111111111111111111111111111001111111111111111100000001111111111111100000000000000011111111111111111111100111111111111111111111111111111111111111111111011111111111111111111
11111111111111111110111111111111111111111111111111111111001111111111111110000001111111111111111111100000000000011111111111111111111100111111111111111111111111111111111111111111111011111111111111111111
11111111111111111110111111111111111111111111111111111111000111111111111100000111111111111111111111111000000001111111111111111111111000111111111111111111111111111111111111111111111011111111111111111111
11111111111111111110111111111111111111111111111111111111100111111111111000011111111111111111111111111111111111111111111111111111111001111111111111111111111111111111111111111111111011111111111111111111
11111111111111111110111111111111111111111111111111111111100011111111111001111111111111111111111111111111111111111111111111111111110001111111111111111111111111111111111111111111111011111111111111111111
11111111111111111110111111111111111111111111111111111111110011111111111111111111111111111111111111111111111111111111111111111111110011111111111111111111111111111111111111111111111011111111111111111111
11111111111111111110111111111111111111111111111111111111110001111111111111111111111111111111111111111111111111111111111111111111100011111111111111111111111111111111111111111111111011111111111111111111
11111111111111111110111111111111111111111111111111111111111001111111111111111111111111111111111111111111111111111111111111111111100111111111111111111111111111111111111111111111111011111111111111111111
11111111111111111110111111111111111111111111111111111111111001111111111111111111111111111111111111111111111111111111111111111111100111111111111111111111111111111111111111111111111011111111111111111111
11111111111111111110111111111111111111111111111111111111111000111111111111111111111111111111111111111111111111111111111111111111000111111111111111111111111111111111111111111111111011111111111111111111
11111111111111111110111111111111111111111111111111111111111100011111111111111111111111111111111111111111111111111111111111111110001111111111111111111111111111111111111111111111111011111111111111111111
11111111111111111110111111111111111111111111111111111111111110011111111111111111111111111111111111111111111111111111111111111110011111111111111111111111111111111111111111111111111011111111111111111111
11111111111111111110111111111111111111111111111111111111111110001111111111111111111111111111111111111111111111111111111111111100011111111111111111111111111111111111111111111111111011111111111111111111
11111111111111111110111111111111111111111111111111111111111111001111111111111111111111111111111111111111111111111111111111111100111111111111111111111111111111111111111111111111111011111111111111111111
11111111111111111110111111111111111111111111111111111111111111000111111111111111111111111111111111111111111111111111111111111000111111111111111111111111111111111111111111111111111011111111111111111111
11111111111111111110111111111111111111111111111111111111111111100011111111111111111111111111111111111111111111111111111111110001111111111111111111111111111111111111111111111111111011111111111111111111
11111111111111111110111111111111111111111111111111111111111111110011111111111111111111111111111111111111111111111111111111110011111111111111111111111111111111111111111111111111111011111111111111111111
11111111111111111110111111111111111111111111111111111111111111110001111111111111111111111111111111111111111111111111111111100011111111111111111111111111111111111111111111111111111011111111111111111111
11111111111111111110111111111111111111111111111111111111111111111000111111111111111111111111111111111111111111111111111111000111111111111111111111111111111111111111111111111111111011111111111111111111
11111111111111111110111111111111111111111111111111111111111111111100011111111111111111111111111111111111111111111111111110001111111111111111111111111111111111111111111111111111111011111111111111111111
11111111111111111110111111111111111111111111111111111111111111111110001111111111111111111111111111111111111111111111111100011111111111111111111111111111111111111111111111111111111011111111111111111111
11111111111111111110111111111111111111111111111111111111111111111111000111111111111111111111111111111111111111111111111000111111111111111111111111111111111111111111111111111111111011111111111111111111
11111111111111111110111111111111111111111111111111111111111111111111100011111111111111111111111111111111111111111111110001111111111111111111111111111111111111111111111111111111111011111111111111111111
11111111111111111110111111111111111111111111111111111111111111111111110001111111111111111111111111111111111111111111100011111111111111111111111111111111111111111111111111111111111011111111111111111111
11111111111111111110111111111111111111111111111111111111111111111111111000111111111111111111111111111111111111111111000111111111111111111111111111111111111111111111111111111111111011111111111111111111
11111111111111111110111111111111111111111111111111111111111111111111111100011111111111111111111111111111111111111110001111111111111111111111111111111111111111111111111111111111111011111111111111111111
11111111111111111110111111111111111111111111111111111111111111111111111110001111111111111111111111111111111111111100011111111111111111111111111111111111111111111111111111111111111011111111111111111111
11111111111111111110111111111111111111111111111111111111111111111111111111000011111111111111111111111111111111110000111111111111111111111111111111111111111111111111111111111111111011111111111111111111
11111111111111111110111111111111111111111111111111111111111111111111111111100001111111111111111111111111111111100001111111111111111111111111111111111111111111111111111111111111111011111111111111111111
11111111111111111110111111111111111111111111111111111111111111111111111111111000011111111111111111111111111110000111111111111111111111111111111111111111111111111111111111111111111011111111111111111111
11111111111111111110111111111111111111111111111111111111111111111111111111111100000111111111111111111111111000001111111111111111111111111111111111111111111111111111111111111111111011111111111111111111
11111111111111111110111111111111111111111111111111111111111111111111111111111111000000111111111111111111000000111111111111111111111111111111111111111111111111111111111111111111111011111111111111111111
11111111111111111110111111111111111111111111111111111111111111111111111111111111110000000011111111110000000011111111111111111111111111111111111111111111111111111111111111111111111011111111111111111111
11111111111111111110111111111111111111111111111111111111111111111111111111111111111110000000000000000000011111111111111111111111111111111111111111111111111111111111111111111111111011111111111111111111
11111111111111111110111111111111111111111111111111111111111111111111111111111111111111111000000000000111111111111111111111111111111111111111111111111111111111111111111111111111111011111111111111111111
11111111111111111110111111111111111111111111111111111111111111111111111111111111111111111111111111111111111111111111111111111111111111111111111111111111111111111111111111111111111011111111111111111111
11111111111111111110111111111111111111111111111111111111111111111111111111111111111111111111111111111111111111111111111111111111111111111111111111111111111111111111111111111111111011111111111111111111
11111111111111111110111111111111111111111111111111111111111111111111111111111111111111111111111111111111111111111111111111111111111111111111111111111111111111111111111111111111111011111111111111111111
11111111111111111110111111111111111111111111111111111111111111111111111111111111111111111111111111111111111111111111111111111111111111111111111111111111111111111111111111111111111011111111111111111111
11111111111111111110111111111111111111111111111111111111111111111111111111111111111111111111111111111111111111111111111111111111111111111111111111111111111111111111111111111111111011111111111111111111
11111111111111111110111111111111111111111111111111111111111111111111111111111111111111111111111111111111111111111111111111111111111111111111111111111111111111111111111111111111111011111111111111111111
11111111111111111110111111111111111111111111111111111111111111111111111111111111111111111111111111111111111111111111111111111111111111111111111111111111111111111111111111111111111011111111111111111111
11111111111111111110111111111111111111111111111111111111111111111111111111111111111111111111111111111111111111111111111111111111111111111111111111111111111111111111111111111111111011111111111111111111
11111111111111111110111111111111111111111111111111111111111111111111111111111111111111111111111111111111111111111111111111111111111111111111111111111111111111111111111111111111111011111111111111111111
11111111111111111110111111111111111111111111111111111111111111111111111111111111111111111111111111111111111111111111111111111111111111111111111111111111111111111111111111111111111011111111111111111111
11111111111111111110111111111111111111111111111111111111111111111111111111111111111111111111111111111111111111111111111111111111111111111111111111111111111111111111111111111111111011111111111111111111
11111111111111111110111111111111111111111111111111111111111111111111111111111111111111111111111111111111111111111111111111111111111111111111111111111111111111111111111111111111111011111111111111111111
11111111111111111110111111111111111111111111111111111111111111111111111111111111111111111111111111111111111111111111111111111111111111111111111111111111111111111111111111111111111011111111111111111111
11111111111111111110111111111111111111111111111111111111111111111111111111111111111111111111111111111111111111111111111111111111111111111111111111111111111111111111111111111111111011111111111111111111
11111111111111111110111111111111111111111111111111111111111111111111111111111111111111111111111111111111111111111111111111111111111111111111111111111111111111111111111111111111111011111111111111111111
11111111111111111110111111111111111111111111111111111111111111111111111111111111111111111111111111111111111111111111111111111111111111111111111111111111111111111111111111111111111011111111111111111111
11111111111111111110000000000000000000000000000000000000000000000000000000000000000000000000000000000000000000000000000000000000000000000000000000000000000000000000000000000000000011111111111111111111
11111111111111111111111111111111111111111111111111111111111111111111111111111111111111111111111111111111111111111111111111111111111111111111111111111111111111111111111111111111111111111111111111111111
11111111111111111111111111111111111111111111111111111111111111111111111111111111111111111111111111111111111111111111111111111111111111111111111111111111111111111111111111111111111111111111111111111111
11111111111111111111111111111111111111111111111111111111111111111111111111111111111111111111111111111111111111111111111111111111111111111111111111111111111111111111111111111111111111111111111111111111
11111111111111111111111111111111111111111111111111111111111111111111111111111111111111111111111111111111111111111111111111111111111111111111111111111111111111111111111111111111111111111111111111111111
11111111111111111111111111111111111111111111111111111111111111111111111111111111111111111111111111111111111111111111111111111111111111111111111111111111111111111111111111111111111111111111111111111111
11111111111111111111111111111111111111111111111111111111111111111111111111111111111111111111111111111111111111111111111111111111111111111111111111111111111111111111111111111111111111111111111111111111
11111111111111111111111111111111111111111111111111111111111111111111111111111111111111111111111111111111111111111111111111111111111111111111111111111111111111111111111111111111111111111111111111111111
11111111111111111111111111111111111111111111111111111111111111111111111111111111111111111111111111111111111111111111111111111111111111111111111111111111111111111111111111111111111111111111111111111111
11111111111111111111111111111111111111111111111111111111111111111111111111111111111111111111111111111111111111111111111111111111111111111111111111111111111111111111111111111111111111111111111111111111
11111111111111111111111111111111111111111111111111111111111111111111111111111111111111111111111111111111111111111111111111111111111111111111111111111111111111111111111111111111111111111111111111111111
11111111111111111111111111111111111111111111111111111111111111111111111111111111111111111111111111111111111111111111111111111111111111111111111111111111111111111111111111111111111111111111111111111111
11111111111111111111111111111111111111111111111111111111111111111111111111111111111111111111111111111111111111111111111111111111111111111111111111111111111111111111111111111111111111111111111111111111
11111111111111111111111111111111111111111111111111111111111111111111111111111111111111111111111111111111111111111111111111111111111111111111111111111111111111111111111111111111111111111111111111111111
11111111111111111111111111111111111111111111111111111111111111111111111111111111111111111111111111111111111111111111111111111111111111111111111111111111111111111111111111111111111111111111111111111111
11111111111111111111111111111111111111111111111111111111111111111111111111111111111111111111111111111111111111111111111111111111111111111111111111111111111111111111111111111111111111111111111111111111
11111111111111111111111111111111111111111111111111111111111111111111111111111111111111111111111111111111111111111111111111111111111111111111111111111111111111111111111111111111111111111111111111111111
11111111111111111111111111111111111111111111111111111111111111111111111111111111111111111111111111111111111111111111111111111111111111111111111111111111111111111111111111111111111111111111111111111111
11111111111111111111111111111111111111111111111111111111111111111111111111111111111111111111111111111111111111111111111111111111111111111111111111111111111111111111111111111111111111111111111111111111
11111111111111111111111111111111111111111111111111111111111111111111111111111111111111111111111111111111111111111111111111111111111111111111111111111111111111111111111111111111111111111111111111111111
11111111111111111111111111111111111111111111111111111111111111111111111111111111111111111111111111111111111111111111111111111111111111111111111111111111111111111111111111111111111111111111111111111111
