000000000000000000000000000000000000000000000000000000000000000000000000011111000000000000000000000000000000000000000000000000000000000000000000000000000000000000000000000000000000
000000000000000000000000000000000000000000000000000000001100000000000000111000000000000000000000000000000000001110000000000000000000000000000000000000000000000000000000000000000000
000000000000000000000000000000000000000000000000000000001100000000000001110000000000000000000000000000000111111111110000000000000000000000000000000000000000000000000000000000000000
000000000000000000000000000000000000000000000000000000001100000000000011100000000000000000000000000001111111111011111110000000000000000000000000000000000000000000000000000000000000
000000000000000000000000000000000000000000000000011000001100000000000011000000000000000000000000001111111100000000011111000000000000000000000000000000000000000000000000000000000000
000000000000000000000000000000000000000000000000111000001110000000000111000000000000000000000000011111000000000000000011111000000000000000000000000000000000000000000000000000000000
000000000000000000000000000000000000000000000000110000000110000000000110000000000000000000000000111000000000000000000001111100000000000000000000000000000000000000000000000000000000
000000000000000000000000000000000000000000000001110000000110000000000110000000000000000000000001110000000000000000000000011100000000000000000000000000000000000000000000000000000000
000000000000000000000000000000000000000000000001100000000110000000000110000000000000000000000111100000000000000000000000001111000000000000000000000000000000000000000000000000000000
000000000000000000000000000000000000000000000011100000000111000000000111000000000000000000001111000000000000000000000000000111000000011111100000000000000000000000000000000000000000
000000000000000000000000000000000000000000000011000000000011100000000011000000000000000000011100000000000000000000000000000110000111111111111100000000000000000000000000000000000000
000000000000000000000000000000000000000000000111000000000001110000000011000000000000000000011000000000000000000000000000000000011111110000111111000000000000000000000000000000000000
000000000000000000000000000000000000011000000110000000000001111000000011000000000000000000000000000000000000000000000000000000011100000000000111000000000000000000000000000000000000
000000000000000000000000000000000000111000000110000000000000111110000011100000000000000000000000000000000000000000000000000000000000000000000011110000000000000000000000000000000000
000000000000000000000000000000000000111000000110000000000000001111111111100000000000000000000000000000000000000000000000000000000000000000000001111000000000000000000000000000000000
000000000000000000000000000000000001111000000110000000000000000011111111100000000000000000000000000000000000000000000000000000000000000000000000011100000000000000000000000000000000
000000000000000000000000000000000011111100000110000000000000000000000000000000000000000000000000000000000000000000000000000000000000000000000000011100000000000000000000000000000000
000000000000000000000000000000000111001100000111000000000000000000000000000000000000000000000000000000000000000000000000000000000000000000000000001100000000000000000000000000000000
000000000000000000000000000000000110001100000011000000000000000000000000000000000000000000000000000000000000000000000000000000000000000000000000001110000000000000000000000000000000
000000000000000000000000000000001110001100000011100000000000000000000000000000000000000000000000000000000000000000000000000000000000000000000000000110000000000000000000000000000000
000000000000000000000000000000011100001110000011110000000000000000000000000000000000000000000000000000000000000000000000110000000000000000000000000110000000000000000000000000000000
000000000000000000000000000000011000000111000000111100000000000000000000000000000000000000000000000000000000000000000001110000000000000000000000000110000000000000000000000000000000
000000000000000000000000000000011000000111100000011111000110000000000000000000000000000000000000000000000000000000000011100000000000000000000000000110000000000000000000000000000000
000000000000000000000000000000011000000011111111100111111110000000000000000000000000000000000000000000000000000000000011000000000000000000000000000110000000000000000000000000000000
000000000000000000000000000000011000000000111111100001111110000000000000000000000000000000000000000000000000000000000111000000000000000000000000011000000000000000000000000000000000
000000000000000000000000000000011000000000000000000000000000000000000000000000011000000000000000000000000000000000001110000000000000000000000000011100000000000000000000000000000000
000000000000000000000000000000111000000000000000000000000000000000000000000000011001100000000000000000000000000000111100001100000000000000000000001110000000000000000000000000000000
000000000000000000000000000000111000000000000000000000000000000000000000000000011001110000000000000011110000000011111000011100000000000000000111000110000000000000000000000000000000
000000000000000000000000000000110000000000000000000000000000000000000000000000011000110000000000000011111111111111100000111000000111111100000111000111000000000000000000000000000000
000000000000000000000000000000110000000000000000000000000000000000000000000000111000111000000000000000011111111110000000110000011111111111000011100011100000000000000000000000000000
000000000000000000000000000000110000000000000000000000000000000000000000000000110000011000000000000000000000000000000001110001111100000111100001100001110000000000000000000000000000
000000000000000000000000000000110000000000000000000000000000000000000000000000110000011100000000000000000000000000000011100011110000000011110001100000110000000000000000000000000000
000000000000000000000000000000110000000000000000000000000000000000000000000000110000001100000000000000000000000000000111101111000000000000110001100000110000000000000000000000000000
000000000000000000000000000000111000000000000000000000000000000000000000000011110000001111000000000000000000000000011111111110000000000000111011100000110000000000000000000000000000
000000000000000000000000000000011000000000000000000000000000000001110000000111100000000111110000000000000000000000111110011000000000000000111011000110110000000000000000000000000000
000000000000000000000000000000011100000000000000000000000000000001110000111110000000000001111110000000000000001111111000000000000000000000011111000110110000000000000000000000000000
000000000000000000000000000000011110000000000000000000000000000011100011111100000000000000111111111000111111111111100000000000000000000000011110000111111000000000000000000000000000
000000000000000000000000000000000110000000000000000000000000000111111111100000000000000000000011111111111111111000000000000000000000000000011110000011111000000000000000000000000000
000000000000000000000000000000000111100000000000000000000000001111111110000000000000000000000000001111100000000000000000000000000000000000011100000011111000000000000000000000000000
000000000000000000000000000000110011100000000000000000000001111100000000000000000000000000000000000000000000000000000000000000000000000000000000000001100000000000000000000000000000
000000000000000000000000000000110001111000000000000000000111111000000000000000000000000000000000000000000000000000000000000000000000000000000000000001110000000000000000000000000000
000000000000000000000000000000110110111110000000000000111111000000000000000000000000000000000000000000000000000000000000000000000000000000000000000000110000000000000000000000000000
000000000000000000000000000001110110001111111111111111111100000000000000000000000000000000000000000000000000000000000000000000000000000000000000000000110000000000000000000000000000
000000000000000000000000000001110111000011111111111111100000000000000000000000000000000000000000000000000000000000000000000000000000000000000000000000110000000000000000000000000000
000000000000000000000000000011100011000000000000000000000000000000000000000000000000000000000000000000000000000000000000000000000000000000000000000000110000000000000000000000000000
000000000000000000000000000011000011000000000000000000000000000000000000000000000000000000000000000000000000000000000000000000000000000000000000000000110000000000000000000000000000
000000000000000000000000000011000011000000000000000000000000000000000000000000000000000000000000000000000000000000000000000000000000000000000000000000110000000000000000000000000000
000000000000000000000000000011000011000000000000000000000000000000000000000000000000000000000000000000000000000000000000000000000000000000000110000000110000000000000000000000000000
000000000000000000000000000011000011000000000000000000000000000000000000000000000000000000000000000000000000000000000000000000000000000000000110000000110000000000000000000000000000
000000000000000000000000000011000011000000000000000000000000000000000000000000000000000000000000000000000000000000000000000000000000000000000110000000110000000000000000000000000000
000000000000000000000000000011000011000000000000000000000000000000000000000000000000000000000000000000000000000000000000000000000000000000000110000000110000000000000000000000000000
000000000000000000000000000011000011000000000000000000000000000000000000000000000000000000000000000000000000000000000000000000000000000000000110000000110000000000000000000000000000
000000000000000000000000000011000011000000000000000000000000000000000000000000000000000000000000000000000000000000000000000000000000000000000110000000110000000000000000000000000000
000000000000000000000000000011000011000000000000000000000000000000000000000000000000000000000000000000000000000000000000000000000000000000000110000000110000000000000000000000000000
000000000000000000000000000011000011000000000000000000000000000000000000000000000000000000000000000000000000000000000000000000000000000000000110000000110000000000000000000000000000
000000000000000000000000000011000011000000000000000000000000000000000000000000000000000000000000000000000000000000000000000000000000000000000110000000110000000000000000000000000000
000000000000000000000000000011000011000000000000000000000000000000000000000000000000000000000000000000000000000000000000000000000000000000000110000000110000000000000000000000000000
000000000000000000000000000011000011000000000000000000000000000000000000000000000000000000000000000000000000000000000000000000000000000000000110000000110000000000000000000000000000
000000000000000000000000000011000011000000000000000000000000000000000000000000000000000000000000000000000000000000000000000000000000000000000110000000110000000000000000000000000000
000000000000000000000000000011000011000000000000000000000000000000000000000000000000000000000000000000000000000000000000000000000000000000000111000000110000000000000000000000000000
000000000000000000000000000011000011000000000000000000000000000000000000000000000000000000000000000000000000000000000000000000000000000000000111100000110000000000000000000000000000
000000000000000000000000000011000011000000000000000000000000000000000000000000000000000000000000000000000000000000000000000000000000000000000011100000110000000000000000000000000000
000000000000000000000000000011000011000000000000000000000000000000000000000000000000000000000000000000000000000000000000000000000000000000000001100000110000000000000000000000000000
000000000000000000000000000011000111000000000001111111111111111111111100000000000000000000000000000000000000001111111111111111111111100000000001110001110000000000000000000000000000
000000000000000000000000000011000111000000000111111111111111111111111110000000000000000000000000000000000000011111111111111111111111111000000001110001100000000000000000000000000000
000000000000000000000000000011000110000000011111111111111111111111111111000000000000000000000000000000000000111111111111111111111111111110000000110001100000000000000000000000000000
000000000000000000000000000011000110000000111111111111111111111111111111100000000000000000000000000000000001111111111111111111111111111111000000110001100000000000000000000000000000
000000000000000000000000000011000110000000111111110000000000000000111111100000000000000000000000000000000001111111000000000000000011111111000000110001100000000000000000000000000000
000000000000000000000000000011000110000000111110000000000000000000011111110000000000000000000000000000000011111110000000000000000000011111000000111001100000000000000000000000000000
000000000000000000000000000011100110000001111000000000000000000000000111111000000000000000000000000000000111111000000000000000000000000111100000111001100000000000000000000000000000
000000000000000000000000000001100110000001110000000000000000000000000001110000000000000000000000000000000011100000000000000000000000000011100000011001100000000000000000000000000000
000000000000000000000000000001110110000001000000000000000000000000000000000000000000000000000000000000000000000000000000000000000000000000100000011001100000000000000000000000000000
000000000000000000000000011111110110000000000000000000011111111100000000000000000000000000000000000000000000000000001111111110000000000000000000111001111100000000000000000000000000
000000000000000000000000011111111110000000000000000111111111111111000000000000000000000000000000000000000000000000111111111111111000000000000000111001111100000000000000000000000000
000000000000000000000000011011111110000000000000001111100000000001100000000000000000000000000000000000000000000001100000000001111100000000000000111011101100000000000000000000000000
000000000000000000000000011001111110000000000000011111000000000000111000000000000000000000000000000000000000000111000000000000111110000000000000111011001100000000000000000000000000
000000000000000000000000011001110110000000000001111000000000000000001110000000000000000000000000000000000000011100000000000000000111100000000000110111001100000000000000000000000000
000000000000000000000000011000110110000000000011100000000011111000000111100000000000000000000000000000000001111000001111100000000001110000000000110110001100000000000000000000000000
000000000000000000000000011000111110000000000010000001111111111111100001111000000000000000000000000000000111100011111111111111000000010000000000111110001100000000000000000000000000
000000000000000000000000011000011110000000000000001111111111111111111100011100000000000000000000000000001110011111111111111111111000000000000000111100001100000000000000000000000000
000000000000000000000000011000001110000000000000011111111001111101111110000000000000000000000000000000000000111111101111100111111100000000000000111000001100000000000000000000000000
000000000000000000000000011000001100000000000011111100011001111100110111000000000000000000000000000000000001110011001111100110011111100000000000011000001100000000000000000000000000
000000000000000000000000011000001100000000000011110000011001111100110011110000000000000000000000000000000111100011001111100110000111100000000000011000001100000000000000000000000000
000000000000000000000000011000001100000000000111000000001001111100110001111000000000000000000000000000001111000011001111100100000001110000000000011000001100000000000000000000000000
000000000000000000000000111000001100000000000001111000001001111100110000011100000000000000000000000000011100000011001111100100001111000000000000011000001110000000000000000000000000
000000000000000000000000110000001100000000000000111100001000110000110000001100000000000000000000000000011000000011000011000100011110000000000000011000000110000000000000000000000000
000000000000000000000000110000001100000000000000011111001100000000100000000000000000000000000000000000000000000001000000001101111100000000000000011000000110000000000000000000000000
000000000000000000000000110000001100000000000000000111100110000011101111111110000000000000000000000000111111111001110000011011110000000000000000011000000110000000000000000000000000
000000000000000000000000110000001100000000000000000011111111111111111111111110000000000000000000000000111111111111111111111111100000000000000000011000000110000000000000000000000000
000000000000000000000000111000001100000000000000000000111111111111111000000000000000000000000000000000000000001111111111111110000000000000000000011000001110000000000000000000000000
000000000000000000000000111000001100000000000000000000001111111111100000000000000000000000000000000000000000000011111111111000000000000000000000011000001110000000000000000000000000
000000000000000000000000011000001100000000000000000000000000000000000000000000000000000000000000000000000000000000000000000000000000000000000000011000001100000000000000000000000000
000000000000000000000000011000001100000000000000000000000000000000000000000000000000000000000000000000000000000000000000000000000000000000000000011000001100000000000000000000000000
000000000000000000000000011100001100000000000000000000000000000000000000000000000000000000000000000000000000000000000000000000000000000000000000011000011100000000000000000000000000
000000000000000000000000011100001100000000000000000000000000000000000000000000000000000000000000000000000000000000000000000000000000000000000000011000011100000000000000000000000000
000000000000000000000000001100001110000000000000000000000000000000000000000000000000000000000000000000000000000000000000000000000000000000000000111000011000000000000000000000000000
000000000000000000000000001100001110000000000000000000000000000000000000000000000000000000000000000000000000000000000000000000000000000000000000111000011000000000000000000000000000
000000000000000000000000001100000110000000000000000000000000000000000000000000000000000000000000000000000000000000000000000000000000000000000000110000011000000000000000000000000000
000000000000000000000000001100000110000000000000000000000000000000000000000000000000000000000000000000000000000000000000000000000000000000000000110000011000000000000000000000000000
000000000000000000000000001100000110000000000000000000000000000000000000000000000000000000000000000000000000000000000000000000000000000000000000110000011000000000000000000000000000
000000000000000000000000001110000111000000000000000000000000000000000000000000000000000000000000000000000000000000000000000000000000000000000001110000111000000000000000000000000000
000000000000000000000000000110000111000000000000000000000000000000000000000000000000000000000000000000000000000000000000000000000000000000000001110000110000000000000000000000000000
000000000000000000000000000110000011000000000000000000000000000000000000000000000000000000000000000000000000000000000000000000000000000000000001100000110000000000000000000000000000
000000000000000000000000000110000011000000000000000000000000000000000000000000000000000000000000000000000000000000000000000000000000000000000001100000110000000000000000000000000000
000000000000000000000000000111000011000000000000000000000000000000000000000001000000000000000000000000100000000000000000000000000000000000000001100001110000000000000000000000000000
000000000000000000000000000111000011000000000000000000000000000000000000000011000000000000000000000000110000000000000000000000000000000000000001100001110000000000000000000000000000
000000000000000000000000000011100011000000000000000000000000000000000000000111000000000000000000000000111000000000000000000000000000000000000001100011100000000000000000000000000000
000000000000000000000000000001111111000000000000000000000000000000000000001110000000000000000000000000011100000000000000000000000000000000000001111111000000000000000000000000000000
000000000000000000000000000001111111000000000000000000000000000000000000001100000000000000000000000000001100000000000000000000000000000000000001111111000000000000000000000000000000
000000000000000000000000000000001111000000000000000000000000000000000000011100000000000000000000000000001110000000000000000000000000000000000001111000000000000000000000000000000000
000000000000000000000000000000000011010000000000000000000000000000000000011000000000000000000000000000000110000000000000000000000000000000000011100000000000000000000000000000000000
000000000000000000000000000000000011001000000000000000000000000000000000010000000000000000000000000000000010000000000000000000000000000000000101100000000000000000000000000000000000
000000000000000000000000000000000011001000000000000000000000000000000000010000000000000000000000000000000010000000000000000000000000000000000100100000000000000000000000000000000000
000000000000000000000000000000000011001000000000000000000000000000000000010001100000000000000000000011000010000000000000000000000000000000000100100000000000000000000000000000000000
000000000000000000000000000000000011101000000000000000000000000000000000010001111000000000000000001111000010000000000000000000000000000000000101100000000000000000000000000000000000
000000000000000000000000000000000011101000000000000000000000000000000000011100111111000000000001111110001110000000000000000000000000000000000101100000000000000000000000000000000000
000000000000000000000000000000000011101000000000000000000000000000000000001110011111100000000011111100011100000000000000000000000000000000000101100000000000000000000000000000000000
000000000000000000000000000000000011101010000000000000000000000000000000000110000111111000000111110000011000000000000000000000000000000000010101100000000000000000000000000000000000
000000000000000000000000000000000011111010000000000000000000000000000000000000000000011000000110000000000000000000000000000000000000000000010111100000000000000000000000000000000000
000000000000000000000000000000000001111010000000000000000000000000000000000000000000001111111100000000000000000000000000000000000000000000010111000000000000000000000000000000000000
000000000000000000000000000000000001111010000000000000000000000000000000000000000000000000000000000000000000000000000000000000000000000000010111000000000000000000000000000000000000
000000000000000000000000000000000001111010000000000000000000000000000000000000000000000000000000000000000000000000000000000000000000000000010111000000000000000000000000000000000000
000000000000000000000000000000000001111001100000000000000000000000000000000000000000000000000000000000000000000000000000000000000000000001100111000000000000000000000000000000000000
000000000000000000000000000000000000111101100000000000000000000000000000000000000000000000000000000000000000000000000000000000000000000001101110000000000000000000000000000000000000
000000000000000000000000000000000000111101110000000000000000000000100011100000000000000000000000000000000001110001000000000000000000000011101110000000000000000000000000000000000000
000000000000000000000000000000000000111101110000000000000000000000001111111110000111100000000001111000011110111100000000000000000000000011101110000000000000000000000000000000000000
000000000000000000000000000000000000111011110000000000000000000001111111100011111110011000000110011111110001111111100000000000000000000011111110000000000000000000000000000000000000
000000000000000000000000000000000000011111011000000000000000111110011111111110110011110100001011110011011111111110011111000000000000000110111100000000000000000000000000000000000000
000000000000000000000000000000000000011111111000000000000001111111110011111111000111000000000000111000111111110011111111100000000000000111111100000000000000000000000000000000000000
000000000000000000000000000000000000011111111000000000000000000100001111001100111110000000000000011111001100111100001000000000000000000111111100000000000000000000000000000000000000
000000000000000000000000000000000000001111011000000000000000001011110000010001011000000000000000000110100010000011110100000000000000000110111000000000000000000000000000000000000000
000000000000000000000000000000000000001111010100000000000000000000000000000000000000000000000000000000000000000000000000000000000000001010111000000000000000000000000000000000000000
000000000000000000000000000000000000001101010100000000000000000000000000000000000000000000000000000000000000000000000000000000000000001010111000000000000000000000000000000000000000
000000000000000000000000000000000000001111010100000000000000000000000000000000000000000000000000000000000000000000000000000000000000001010111000000000000000000000000000000000000000
000000000000000000000000000000000000001110111100000000000000000000000000000000000011111110111111100000000000000000000000000000000000001111111000000000000000000000000000000000000000
000000000000000000000000000000000000000110101010000000000000001110000000000011111111111111111111111111100000000000111000000000000000010101110000000000000000000000000000000000000000
000000000000000000000000000000000000000111111010000000000000001111111111111111111111000111110001111111111111111111111000000000000000010111110000000000000000000000000000000000000000
000000000000000000000000000000000000000111010110000000000000000011111111000000000000000000000000000000000000111111100000000000000000011011110000000000000000000000000000000000000000
000000000000000000000000000000000000000011010101000000000000000000001111100001111000000000000000001111000001111000000000000000000000101011100000000000000000000000000000000000000000
000000000000000000000000000000000000000011111100100000000000000000000111111111111111111000001111111111111111110000000000000000000001001111100000000000000000000000000000000000000000
000000000000000000000000000000000000000001101100100000000000000000000011110000001111111111111111111000000111100000000000000000000001001111000000000000000000000000000000000000000000
000000000000000000000000000000000000000001111100000000000000000000000000111100000000011111111100000000011110000000000000000000000000001111000000000000000000000000000000000000000000
000000000000000000000000000000000000000001110110000000000000000000000000011111000000000000000000000001111100000000000000000000000000011111000000000000000000000000000000000000000000
000000000000000000000000000000000000000000110110000000000000000000000000000111111000000000000000001111110000000000000000000000000000011110000000000000000000000000000000000000000000
000000000000000000000000000000000000000000111110000010000000000000000000000001111110000000000000111111000000000000000000000000010000011110000000000000000000000000000000000000000000
000000000000000000000000000000000000000000011100000010001000000000000000000000011111110000000111111100000000000000000000000100010000011100000000000000000000000000000000000000000000
000000000000000000000000000000000000000000001110000001001000000000000000000000000111111111111111110000000000000000000000000100100000111000000000000000000000000000000000000000000000
000000000000000000000000000000000000000000001111000001001000000000000000000000000000111111111110000000000000000000000000000100100001111000000000000000000000000000000000000000000000
000000000000000000000000000000000000000000000011100000100100100000000000000000000000000110110000000000000000000000000001001001000011100000000000000000000000000000000000000000000000
000000000000000000000000000000000000000000000001111000100100110000000000000000000000000000000000000000000000000000000011001001001111000000000000000000000000000000000000000000000000
000000000000000000000000000000000000000000000000111100010110011000000000000000000000000000000000000000000000000000000110011010011110000000000000000000000000000000000000000000000000
000000000000000000000000000000000000000000000000011111010111011000000000000000000000000000000000000000000000000000000110101011111100000000000000000000000000000000000000000000000000
000000000000000000000000000000000000000000000000000111101010101100000000000001100000000000000000000001100000000000001101010111110000000000000000000000000000000000000000000000000000
000000000000000000000000000000000000000000000000000011111010011010000000000000011110000000000000011110000000000000011110010111100000000000000000000000000000000000000000000000000000
000000000000000000000000000000000000000000000000000001111101001101000000000000001111111000000111111100000000000000101100111111000000000000000000000000000000000000000000000000000000
000000000000000000000000000000000000000000000000000000111111000101000000000000000110111110011111111000000000000000101000111110000000000000000000000000000000000000000000000000000000
000000000000000000000000000000000000000000000000000000001111100010100000000000000111001100001100111000000000000001010001111000000000000000000000000000000000000000000000000000000000
000000000000000000000000000000000000000000000000000000000111100011010000000000000010100010010001010000000000000010110011110000000000000000000000000000000000000000000000000000000000
000000000000000000000000000000000000000000000000000000000011110001000000000000000010110000000011010000000000000000100111100000000000000000000000000000000000000000000000000000000000
000000000000000000000000000000000000000000000000000000000001111100000000000000000000000000000000000000000000000000011111000000000000000000000000000000000000000000000000000000000000
000000000000000000000000000000000000000000000000000000000000011110000000000000000000000000000000000000000000000000111100000000000000000000000000000000000000000000000000000000000000
000000000000000000000000000000000000000000000000000000000000001111000000000000000000000000000000000000000000000001111000000000000000000000000000000000000000000000000000000000000000
000000000000000000000000000000000000000000000000000000000000000111100000000000000000000000000000000000000000000011110000000000000000000000000000000000000000000000000000000000000000
000000000000000000000000000000000000000000000000000000000000000011110000000000000000000000000000000000000000000111100000000000000000000000000000000000000000000000000000000000000000
000000000000000000000000000000000000000000000000000000000000000001111001110000000000110001100011000000000011101111000000000000000000000000000000000000000000000000000000000000000000
000000000000000000000000000000000000000000000000000000000000000000111100001111000011100101101001110000111100011110000000000000000000000000000000000000000000000000000000000000000000
000000000000000000000000000000000000000000000000000000000000000000001110000000111111001101101100111111000000111000000000000000000000000000000000000000000000000000000000000000000000
000000000000000000000000000000000000000000000000000000000000000000000111101111110010110010010011110011111111110000000000000000000000000000000000000000000000000000000000000000000000
000000000000000000000000000000000000000000000000000000000000000000000111111000000111000111111000111000000111110000000000000000000000000000000000000000000000000000000000000000000000
000000000000000000000000000000000000000000000000000000000000000000000001111111111110111100001111011111111111000000000000000000000000000000000000000000000000000000000000000000000000
000000000000000000000000000000000000000000000000000000000000000000000000011110011100111111111111001110111100000000000000000000000000000000000000000000000000000000000000000000000000
000000000000000000000000000000000000000000000000000000000000000000000000001111110111111110011111111011111000000000000000000000000000000000000000000000000000000000000000000000000000
000000000000000000000000000000000000000000000000000000000000000000000000000111111111111111111111111111110000000000000000000000000000000000000000000000000000000000000000000000000000
000000000000000000000000000000000000000000000000000000000000000000000000000001111111111111111111111111000000000000000000000000000000000000000000000000000000000000000000000000000000
000000000000000000000000000000000000000000000000000000000000000000000000000000000000000000000000000000000000000000000000000000000000000000000000000000000000000000000000000000000000
000000000000000000000000000000000000000000000000000000000000000000000000000000000000000000000000000000000000000000000000000000000000000000000000000000000000000000000000000000000000
000000000000000000000000000000000000000000000000000000000000000000000000000000000000000000000000000000000000000000000000000000000000000000000000000000000000000000000000000000000000
000000000000000000000000000000000000000000000000000000000000000000000000000000000000000000000000000000000000000000000000000000000000000000000000000000000000000000000000000000000000
000000000000000000000000000000000000000000000000000000000000000000000000000000000000000000000000000000000000000000000000000000000000000000000000000000000000000000000000000000000000
000000000000000000000000000000000000000000000000000000000000000000000000000000000000000000000000000000000000000000000000000000000000000000000000000000000000000000000000000000000000
