000000000000000000000000000000000000000000000000000000000000000000000000000000000000000000000000000000000000000000000000000000000000000000000000000000000000000000000000000000000000
000000000000000000000000000000000000000000000000000000000000000000000000000000000000000000000000000011111000000000000000000000000000000000000000000000000000000000000000000000000000
000000000000000000000000000000000000000000000000000000000000000000000000000000000000000000000000001111111110000000000000000000000000000000000000000000000000000000000000000000000000
000000000000000000000000000000000000000000000000000000000000000000000001111110111110000000001111111110011111100000000000000000000000000000000000000000000000000000000000000000000000
000000000000000000000000000000000000000000000000000000000000000000011111111110111111111111111111111000000111111100000000000000000000000000000000000000000000000000000000000000000000
000000000000000000000000000000000000000000000000000000000000001111111111000000000011111111111000000000000000111111110000000000000000000000000000000000000000000000000000000000000000
000000000000000000000000000000000000000000000000000000000001111111110000000000000000000000000000000000000000001111111110000000000000000000000000000000000000000000000000000000000000
000000000000000000000000000000000000000000000000000000111111111000000000000000000000000000000000000000000000000000011111111100000000000000000000000000000000000000000000000000000000
000000000000000000000000000000000000000000000000001111111111000000000000000000000000000000000000000000000000000000000011111111111110000000000000000000000000000000000000000000000000
000000000000000000000000000000000000000000000011111111100000000000000000000000000000000000000000000000000000000000000000000111111111111000000000000000000000000000000000000000000000
000000000000000000000000000000000000000000001111111000000000000000000000000000000000000000000000000000000000000000000000000000000011111111000000000000000000000000000000000000000000
000000000000000000000000000000000000000000001110000000000000000000000000000000001111100111110011111000000000000000000000000000000000011111110000000000000000000000000000000000000000
000000000000000000000000000000000000000000111100000000000000000000000000001111111111111111111111111111111000000000000000000000000000000011111100000000000000000000000000000000000000
000000000000000000000000000000000000000000111000000000000000000000000000111111111111111100011111111111111110000000000000000000000000000000111110000000000000000000000000000000000000
000000000000000000000000000000000000000001110000000000000000000000000011111000000000000000000000000000001111100000000000000000000000000000001111000000000000000000000000000000000000
000000000000000000000000000000000000000001100000000000000000000000011111100000000000000000000000000000000011111100000000000000000000000000000011110000000000000000000000000000000000
000000000000000000000000000000000000000001100000000000000000000011111110000000000000000000000000000000000000111111100000000000000000000000000001111000000000000000000000000000000000
000000000000000000000000000000000000000111100000000000000111111111110000000000000000000000000000000000000000000111111111110000000000000000000000111100000000000000000000000000000000
000000000000000000000000000000000000001111100000000001111111111110000000000000000000000000000000000000000000000000111111111111000000000000000000001110000000000000000000000000000000
000000000000000000000000000000000000011110000000000111111110111000000000000000000000000000000000000000000000000000001110111111110000000000000000000110000000000000000000000000000000
000000000000000000000000000000000000111000000000001111000000000000000000000000000000000000000000000000000000000000000000000001111000000000000000000111000000000000000000000000000000
000000000000000000000000000000000001110000000000011110000000000000000000000000000000000000000000000000000000000000000000000000111100000000000000000011100000000000000000000000000000
000000000000000000000000000000000011100000000001111000000000000000000000000000000000000000000000000000000000000000000000000000001111000000000000000001110000000000000000000000000000
000000000000000000000000000000000011000000000011110000000000000000000000000000000000000000000000000000000000000000000000000000000111100000000000000000110000000000000000000000000000
000000000000000000000000000000000111000000000011000000000000000000000000000000000000000000000000000000000000000000000000000000000001100000000000000000111000000000000000000000000000
000000000000000000000000000000000110000000000111000000000000000000000000000000000000000000000000000000000000000000000000000000000001110000000000000000011000000000000000000000000000
000000000000000000000000000000001110000000000111000000000000000000000000000000000000000000000000000000000000000000000000000000000001110000000000000000011100000000000000000000000000
000000000000000000000000000000001100000000001110000000000000000000000000000000000000000000000000000000000000000000000000000000000000111000000000000000001100000000000000000000000000
000000000000000000000000000000011100000000001110000000000000000000000000000000000000000000000000000000000000000000000000000000000000111000000000000000001100000000000000000000000000
000000000000000000000000000000011000000000001100000000000000000000000000000000000000000000000000000000000000000000000000000000000000011000000000000000001100000000000000000000000000
000000000000000000000000000000011000000000011100000000000000000000000000000000000000000000000000000000000000000000000000000000000000011100000000000000001100000000000000000000000000
000000000000000000000000000000011000000000011100000000000000000000000000000000000000000000000000000000000000000000000000000000000000011100000000000000001100000000000000000000000000
000000000000000000000000000000111000000000111000000000000000000000000000000000000000000000000000000000000000000000000000000000000000001110000000000000001100000000000000000000000000
000000000000000000000000000000110000000001110000000000000000000000000000000000000000000000000000000000000000000000000000000000000000000111000000000000001100000000000000000000000000
000000000000000000000000000000110000000001110000000000000000000000000000000000000000000000000000000000000000000000000000000000000000000111000000000000001100000000000000000000000000
000000000000000000000000000000110000000011100000000000000000000000000000000000000000000000000000000000000000000000000000000000000000000011100000000000001100000000000000000000000000
000000000000000000000000000001110000000011000000000000000000000000000000000000000000000000000000000000000000000000000000000000000000000001100000000000001100000000000000000000000000
000000000000000000000000000001100000000011000000000000000000000000000000000000000000000000000000000000000000000000000000000000000000000001100000000000001100000000000000000000000000
000000000000000000000000000011100000000011000000000000000000000000000000000000000000000000000000000000000000000000000000000000000000000001110000000000001100000000000000000000000000
000000000000000000000000000011100000000111000000000000000000000000000000000000000000000000000000000000000000000000000000000000000000000000110000000000001100000000000000000000000000
000000000000000000000000000011000000000110000000000000000000000000000000000000000000000000000000000000000000000000000000000000000000000000110000000000001100000000000000000000000000
000000000000000000000000000011000000000110000000000000000000000000000000000000000000000000000000000000000000000000000000000000000000000000111000000000001100000000000000000000000000
000000000000000000000000000011000000000110000000000000000000000000000000000000000000000000000000000000000000000000000000000000000000000000011000000000001100000000000000000000000000
000000000000000000000000000011000000000110000000000000000000000000000000000000000000000000000000000000000000000000000000000000000000000000011000000000001100000000000000000000000000
000000000000000000000000000011000000000110000000000000000000000000000000000000000000000000000000000000000000000000000000000000000000000000011000000000001100000000000000000000000000
000000000000000000000000000011000000001110000000000000000000000000000000000000000000000000000000000000000000000000000000000000000000000000011000000000001100000000000000000000000000
000000000000000000000000000011000000001100000000000000000000000000000000000000000000000000000000000000000000000000000000000000000000000000011100000000001100000000000000000000000000
000000000000000000000000000111000000011100000000000000000000000000000000000000000000000000000000000000000000000000000000000000000000000000001100000000001100000000000000000000000000
000000000000000000000000001111000000011100000000000000000000000000000000000000000000000000000000000000000000000000000000000000000000000000001100000000001100000000000000000000000000
000000000000000000000000011110000000011000000000000000000000000000000000000000000000000000000000000000000000000000000000000000000000000000001100000000001100000000000000000000000000
000000000000000000000000011100000000011000000000000000000000000000000000000000000000000000000000000000000000000000000000000000000000000000001100000000001100000000000000000000000000
000000000000000000000000011000000000011000000000000000000000000000000000000000000000000000000000000000000000000000000000000000000000000000001100000000001100000000000000000000000000
000000000000000000000000111000000000011000000000000000000000000000000000000000000000000000000000000000000000000000000000000000000000000000001100000000001110000000000000000000000000
000000000000000000000000111000000000011000000000000000000000000000000000000000000000000000000000000000000000000000000000000000000000000000001100000000001110000000000000000000000000
000000000000000000000000110000000000011000000000000000000000000000000000000000000000000000000000000000000000000000000000000000000000000000001110000000000110000000000000000000000000
000000000000000000000000110000000000011000000000000000000000000000000000000000000000000000000000000000000000000000000000000000000000000000000111000000000110000000000000000000000000
000000000000000000000000110000000000011000000000001111110000000000000000000000000000000000000000000000000000000000000000000111111000000000000111000000000111000000000000000000000000
000000000000000000000000110000000000011000000000011111111111110000000000000000000000000000000000000000000000000000000111111111111100000000000011000000000111000000000000000000000000
000000000000000000000000110000000000011000000000111111111111111110000000000000000000000000000000000000000000000000111111111111111110000000000011000000000011000000000000000000000000
000000000000000000000000111000000000011000000011111111111111111111110000000000000000000000000000000000000000000111111111111111111111100000000011000000000011000000000000000000000000
000000000000000000000000011000000000011000001111111111111111111111111110000000000000000000000000000000000000111111111111111111111111111000000011100000000011000000000000000000000000
000000000000000000000000011000000000011000011111111111111111111111111111111100000000000000000000000000011111111111111111111111111111111100000001100000000011000000000000000000000000
000000000000000000000000011000000000011000111111111111111111111111111111111110000000000000000000000000111111111111111111111111111111111110000001100000000011000000000000000000000000
000000000000000000000000011000000000011001111111110000001111111111111111111111000000000000000000000001111111111111111111111000000111111111000001100000000011000000000000000000000000
000000000000000000000000011000000000011011111100000000000001111111111111111111000000000000000000000001111111111111111111000000000000011111100001100000000011000000000000000000000000
000000000000000000000000011000000000011011100000000000000000000111111111111111000000000000000000000001111111111111110000000000000000000011100001100000000011000000000000000000000000
000000000000000000000000011000000000011000000000000000000000000000011111111111000000000000000000000001111111111100000000000000000000000000000001100000000011000000000000000000000000
000000000000000000000000011000000000111000000000000000000000000000000001111111000000000000000000000001111111000000000000000000000000000000000001100000000111000000000000000000000000
000000000000000000000000011000000000110000000000000000000000000000000000011110000000000000000000000000111100000000000000000000000000000000000001100000000110000000000000000000000000
000000000000000000000000111000000000110000000000000000000000000000000000000000000000000000000000000000000000000000000000000000000000000000000001100000000110000000000000000000000000
000000000000000000000000111000000000110000000000000000000000000000000000000000000000000000000000000000000000000000000000000000000000000000000001100000000110000000000000000000000000
000000000000000000000000110000000001110000000000000000000000000000000000000000000000000000000000000000000000000000000000000000000000000000000001100000000110000000000000000000000000
000000000000000000000000111110000001100000000000000000000000000000000000000000000000000000000000000000000000000000000000000000000000000000000001100001111110000000000000000000000000
000000000000000000000011111111100011100000000000000000000000000000000000000000000000000000000000000000000000000000000000000000000000000000000001100011111111100000000000000000000000
000000000000000000000111110011110011100000000000000000000000000000000000000000000000000000000000000000000000000000000000000000000000000000000001100111100111110000000000000000000000
000000000000000000000111000000110011100000000000000000011111111111111000000000000000000000000000000000000000001111111111111100000000000000000001100110000001110000000000000000000000
000000000000000000000110000000111011000000000000001111111111111111111111000000000000000000000000000000000001111111111111111111111000000000000001101110000000110000000000000000000000
000000000000000000000110000000011111000000000001111111111000000000001111100000000000000000000000000000000011111000000000001111111111000000000001111100000000110000000000000000000000
000000000000000000000110000000011111100000000001111100000000000000000011111000000000000000000000000000001111100000000000000000011111000000000011111100000000110000000000000000000000
000000000000000000000110000000001101100000000000000001111111111111110000111100000000000000000000000000011110000111111111111111000000000000000011111000000000110000000000000000000000
000000000000000000000110000000001101100000000000000111111111111111111110001100000000000000000000000000011000111111111111111111110000000000000011111000000000110000000000000000000000
000000000000000000000110000000000001100000000000111111110011111001111111000000000000000000000000000000000001111110100111110011111110000000000011000000000000110000000000000000000000
000000000000000000000110000000000001100000001111111100010011111001000111100000000000000000000000000000000011110000100111110010011111111000000011000000000000110000000000000000000000
000000000000000000000110000000000001100000011111100000010001111001000011111000000000000000000000000000001111100000100111100010000011111100000011000000000000110000000000000000000000
000000000000000000000110000000000001100000011111100000011000110011000000111100000000000000000000000000011110000000110011000110000011111100000011000000000000110000000000000000000000
000000000000000000000110000000000001100000000111111000001100000110011111101100000000000000000000000000011011111100011000001100001111110000000011000000000000110000000000000000000000
000000000000000000000110000000000001100000000001111111000111111101111111111000000000000000000000000000001111111111001111111001111111000000000011000000000000110000000000000000000000
000000000000000000000110000000000001100000000000011111111111111111111000111000000000000000000000000000001110001111111111111111111100000000000011000000000000110000000000000000000000
000000000000000000000110000000000001100000000000000011111111111111100000000000000000000000000000000000000000000011111111111111100000000000000011000000000000110000000000000000000000
000000000000000000000110000000000001100000000000000000000000000000000000000000000000000000000000000000000000000000000000000000000000000000000011000000000000110000000000000000000000
000000000000000000000111000000000001100000000000000000000000000000000000000000000000000000000000000000000000000000000000000000000000000000000011000000000001110000000000000000000000
000000000000000000000111000000000001100000000000000000000000000000000000011000000000000000000000000000001100000000000000000000000000000000000011000000000001110000000000000000000000
000000000000000000000011000000000001100000000000000000000000000000000001111000000000000000000000000000001111000000000000000000000000000000000011000000000001100000000000000000000000
000000000000000000000011100000000001100000000000000000000000000000000011110000000000000000000000000000000111100000000000000000000000000000000011000000000011100000000000000000000000
000000000000000000000011100000000001100000000000000000000000000000001111000000000000000000000000000000000001111000000000000000000000000000000011000000000011100000000000000000000000
000000000000000000000001100000000001100000000000000000000000000000011110000000000000000000000000000000000000111100000000000000000000000000000011000000000011000000000000000000000000
000000000000000000000001100000000001100000000000000000000000000001111000000000000000000000000000000000000000001111000000000000000000000000000011000000000011000000000000000000000000
000000000000000000000001110000000001100000000000000000000000000001110000000000000000000000000000000000000000000111000000000000000000000000000011000000000111000000000000000000000000
000000000000000000000001110000000001100000000000000000000000000001100000000000000000000000000000000000000000000011000000000000000000000000000011000000000111000000000000000000000000
000000000000000000000000110000000001100000000000000000000000000000000000000000000000000000000000000000000000000000000000000000000000000000000011000000000110000000000000000000000000
000000000000000000000000110000000001100000000000000000000000000000000000000000000000000000000000000000000000000000000000000000000000000000000011000000000110000000000000000000000000
000000000000000000000000110000000001100000000000000000000000000000000000000000000000000000000000000000000000000000000000000000000000000000000011000000000110000000000000000000000000
000000000000000000000000111000000001100000000000000000000000000000000000000000000000000000000000000000000000000000000000000000000000000000000011000000001110000000000000000000000000
000000000000000000000000011000000001100000000000000000000000000000000000000000000000000000000000000000000000000000000000000000000000000000000011000000001100000000000000000000000000
000000000000000000000000011100000001100000000000000000000000000000000000000000000000000000000000000000000000000000000000000000000000000000000011000000011100000000000000000000000000
000000000000000000000000011100000001100000000000000000000000000000000000000000100000000000000000000001000000000000000000000000000000000000000011000000011100000000000000000000000000
000000000000000000000000001100000001100000000000000000000000000000000000000000100000000000000000000001000000000000000000000000000000000000000011000000011000000000000000000000000000
000000000000000000000000001100000001100000000000000000000000000000000000000000100000000000000000000001000000000000000000000000000000000000000011000000011000000000000000000000000000
000000000000000000000000001110000001100000000000000000000000000000000000000111100000000000000000000001111000000000000000000000000000000000000011000000111000000000000000000000000000
000000000000000000000000001110000001100000000000000000000000000000000000011100000000000000000000000000001110000000000000000000000000000000000011000000111000000000000000000000000000
000000000000000000000000000111000001100000000000000000000000000000000000010000000000000000000000000000000010000000000000000000000000000000000011000001110000000000000000000000000000
000000000000000000000000000111000001100000000000000000000000000000000000110000000000000000000000000000000011000000000000000000000000000000000011000001110000000000000000000000000000
000000000000000000000000000011110001110000000000000000000000000000000000100000000000000000000000000000000001000000000000000000000000000000000111000111100000000000000000000000000000
000000000000000000000000000001111101110000000000000000000000000000000000100000000000000000000000000000000001000000000000000000000000000000000111111111000000000000000000000000000000
000000000000000000000000000000111100110000000000000000000000000000000000110000000000000000000000000000000011000000000000000000000000000000000111111110000000000000000000000000000000
000000000000000000000000000000011100110000000000000000000000000000000000010000011110000000000000111100000010000000000000000000000000000000000110000110000000000000000000000000000000
000000000000000000000000000000011100110000000000000000000000000000000000011001111111000000000001111111000110000000000000000000000000000000000110000110000000000000000000000000000000
000000000000000000000000000000011000111000000000000000000000000000000000001011111111100000000011111111100100000000000000000000000000000000001110000111000000000000000000000000000000
000000000000000000000000000000111000011000000000000000000000000000000000000111111111111100001111111111101000000000000000000000000000000000001100000011000000000000000000000000000000
000000000000000000000000000001110000011000000000000000000000000000000000000111100000000011110000000001111000000000000000000000000000000000001100000011000000000000000000000000000000
000000000000000000000000000011100000011000000000000000000000000000000000000000000000000000000000000000000000000000000000000000000000000000001100000011000000000000000000000000000000
000000000000000000000000000011000000011100000000000000000000000000000000000000000000000000000000000000000000000000000000000000000000000000011100000011100000000000000000000000000000
000000000000000000000000000111000000001100000000000000000000000000000000000000000000000000000000000000000000000000000000000000000000000000011000000001100000000000000000000000000000
000000000000000000000000001110000000001110000000000000000000000000000000000000000000000000000000000000000000000000000000000000000000000000111000000001100000000000000000000000000000
000000000000000000000000011100000000000110000000000000000000000000000000000000000000000000000000000000000000000000000000000000000000000000110000000001100000000000000000000000000000
000000000000000000000000011000000000000110000000000000000000000000000000000000000000000000000000000000000000000000000000000000000000000000110000000001100000000000000000000000000000
000000000000000000000000111000000000000111000000000000000000000000000000000000000000000000000000000000000000000000000000000000000000000001110000000001100000000000000000000000000000
000000000000000000000000110000000000000011000000000000000000000000000000000000000000000000000000000000000000000000000000000000000000000001100000000001100000000000000000000000000000
000000000000000000000000110000000000000011000000000000000000000000000000000000000000000000000000000000000000000000000000000000000000000001100000000001110000000000000000000000000000
000000000000000000000001110000000000000011100000000000000000000000000000000000000000000000000000000000000000000000000000000000000000000011100000000000110000000000000000000000000000
000000000000000000000001100000000000000011100000000000000000000000000000000000000000000000000000000000000000000000000000000000000000000011100000000000110000000000000000000000000000
000000000000000000000011100000000000000001100000000000000000000000000000000000000000000000000000000000000000000000000000000000000000000011000000000011110000000000000000000000000000
000000000000000000000011100000000000000001100000000000000000000000000000000000000000000000000000000000000000000000000000000000000000000011000000000011110000000000000000000000000000
000000000000000000000011000000000000000001110000000000000000000000000000000000000000000000000000000000000000000000000000000000000000000111000000000011110000000000000000000000000000
000000000000000000000011000000000000000000110000000000000000000000000000000000011111111100001111111100000000000000000000000000000000000110000000000011110000000000000000000000000000
000000000000000000000011100000000000000000110000000000000000000000000000000011111111000111111000111111100000000000000000000000000000000110000000000011110000000000000000000000000000
000000000000000000000001100000000000000000111000000000000000000000000000001111000000000000000000000000111000000000000000000000000000001110000000000011000000000000000000000000000000
000000000000000000000001100000000000000000111000000000000000000000000000001110001111111111111111111100011000000000000000000000000000001110000000000011100000000000000000000000000000
000000000000000000000001100000000000000000011000000000000000000000000001111111111110001111111000111111111111000000000000000000000000001100000000000001100000000000000000000000000000
000000000000000000000001100000000000000000011100000000000000000001111111111000000000000000000000000000001111111111000000000000000000011100000000000001100000000000000000000000000000
000000000000000000000001100000000000000000011100000000000000000001111111110000000000000000000000000000000111111111000000000000000000011100000000000001100000000000000000000000000000
000000000000000000000001100000000000000000001100000000000000000000000000011000000000000000000000000000000110000000000000000000000000011000000000000001100000000000000000000000000000
000000000000000000000001110000000000000000001100000000000000000000000000011100000000000000000000000000001110000000000000000000000000011000000000000001100000000000000000000000000000
000000000000000000000000110000000000000000001110000000000000000000000000000111000000000000000000000001110000000000000000000000000000111000000000000001100000000000000000000000000000
000000000000000000000000110011100000000000001111000000000000000000000000000111111000000000000000001111110000000000000000000000000001111000000000000001100000000000000000000000000000
000000000000000000000000111011110000000000000111000000000000000000000000000001111111111111111111111111000000000000000000000000000001110000000000000001100000000000000000000000000000
000000000000000000000000011011110000000000000011110000000000000000000000000000011111111111111111111100000000000000000000000000000111100000000000000011100000000000000000000000000000
000000000000000000000000011011111000000000000001111000000000000000000000000000000000000000000000000000000000000000000000000000001111000000000000000001000000000000000000000000000000
000000000000000000000000011011011000000000000000111100000000000000000000000000000000000000000000000000000000000000000000000000011110000000000000000001000000000000000000000000000000
000000000000000000000000011111011100000000000000001110000000000000000000000000000000000000000000000000000000000000000000000000111011100000111111100111000000000000000000000000000000
000000000000000000000000001111011100000000000000000111000000000000000000000000000000000000000000000000000000000000000000000001110111100011111111111110000000000000000000000000000000
000000000000000000000000001111001110000000000000000011100000000000000000000000000000000000000000000000000000000000000000000011100001110111110001111110000000000000000000000000000000
000000000000000000000000000111000111000000000011111111111000000000000000000000000000000000000000000000000000000000000000001111100001111111000000000000000000000000000000000000000000
000000000000000000000000000000000111111111111111111110111100000000000000000000000000000000000000000000000000000000000000011110000000111110000000000000000000000000000000000000000000
000000000000000000000000000000000011111111111111111100011110000000000000000000000000000000000000000000000000000000000000111100000000000000000000000000000000000000000000000000000000
000000000000000000000000000000000000000000000000000000001111000000000000000000000000000000000000000000000000000000000001111000000000000000000000000000000000000000000000000000000000
000000000000000000000000000000000000000000000000000000000111100000000000000000000000000000000000000000000000000000000011110000000000000000000000000000000000000000000000000000000000
000000000000000000000000000000000000000000000000000000000011110000000000000000000000000000000000000000000000000000000111100000000000000000000000000000000000000000000000000000000000
000000000000000000000000000000000000000000000000000000000001110000000000000000000000000000000000000000000000000000000111000000000000000000000000000000000000000000000000000000000000
000000000000000000000000000000000000000000000000000000000000111100000000000000000000000000000000000000000000000000011110000000000000000000000000000000000000000000000000000000000000
000000000000000000000000000000000000000000000000000000000000011110000000000000000000000000000000000000000000000000111100000000000000000000000000000000000000000000000000000000000000
000000000000000000000000000000000000000000000000000000000000001111100000000000000000000000000000000000000000000011111000000000000000000000000000000000000000000000000000000000000000
000000000000000000000000000000000000000000000000000000000000000111110000000000000000000000000000000000000000000111110000000000000000000000000000000000000000000000000000000000000000
000000000000000000000000000000000000000000000000000000000000000001111000000000000000000000000000000000000000001111000000000000000000000000000000000000000000000000000000000000000000
000000000000000000000000000000000000000000000000000000000000000000111100000000000000000000000000000000000000011110000000000000000000000000000000000000000000000000000000000000000000
000000000000000000000000000000000000000000000000000000000000000000111110000000000000000000000000000000000000111110000000000000000000000000000000000000000000000000000000000000000000
000000000000000000000000000000000000000000000000000000000000000000011111000000000000000000000000000000000001111100000000000000000000000000000000000000000000000000000000000000000000
000000000000000000000000000000000000000000000000000000000000000000000111100000000000000000000000000000000011110000000000000000000000000000000000000000000000000000000000000000000000
000000000000000000000000000000000000000000000000000000000000000000000111110000000000000000000000000000000111110000000000000000000000000000000000000000000000000000000000000000000000
000000000000000000000000000000000000000000000000000000000000000000000001111000000000000000000000000000001111000000000000000000000000000000000000000000000000000000000000000000000000
000000000000000000000000000000000000000000000000000000000000000000000000111110000000000000000000000000111110000000000000000000000000000000000000000000000000000000000000000000000000
000000000000000000000000000000000000000000000000000000000000000000000000011111110000000000000000000111111100000000000000000000000000000000000000000000000000000000000000000000000000
000000000000000000000000000000000000000000000000000000000000000000000000001111111111111111111111111111111000000000000000000000000000000000000000000000000000000000000000000000000000
000000000000000000000000000000000000000000000000000000000000000000000000000000111111111111111111111110000000000000000000000000000000000000000000000000000000000000000000000000000000
000000000000000000000000000000000000000000000000000000000000000000000000000000000000000000000000000000000000000000000000000000000000000000000000000000000000000000000000000000000000
000000000000000000000000000000000000000000000000000000000000000000000000000000000000000000000000000000000000000000000000000000000000000000000000000000000000000000000000000000000000
000000000000000000000000000000000000000000000000000000000000000000000000000000000000000000000000000000000000000000000000000000000000000000000000000000000000000000000000000000000000
000000000000000000000000000000000000000000000000000000000000000000000000000000000000000000000000000000000000000000000000000000000000000000000000000000000000000000000000000000000000
000000000000000000000000000000000000000000000000000000000000000000000000000000000000000000000000000000000000000000000000000000000000000000000000000000000000000000000000000000000000
000000000000000000000000000000000000000000000000000000000000000000000000000000000000000000000000000000000000000000000000000000000000000000000000000000000000000000000000000000000000
