000000000000000000000000000000000000000000000000000000000000000000000000111011111111110000000000000000000000000000000000000000000000000000000000000000000000000000000000000000000000
000000000000000000000000000000000000000000000000000000000000000000000000110001111111111001110000000000000000000000000000000000000000000000000000000000000000000000000000000000000000
000000000000000000000000000000000000000000000000000000011100111100000001110000111111111111111100000111100000000000000000000000000000000000000000000000000000000000000000000000000000
000000000000000000000000000000000000000000000000011110011111111111100001100000111111111111111111001111100001111000000000000000000000000000000000000000000000000000000000000000000000
000000000000000000000000000000000000000000000000011111111111110111111011100000011111001110001111111101110011111111100000000110000000000000000000000000000000000000000000000000000000
000000000000000000000000000000000000000000011001111111110011100000111111000000000110000000000001111101111111011111111111101111000000000000000000000000000000000000000000000000000000
000000000000000000000000000000000000000000011111110001100000000000001111000000000000000000000000000000111110001101111111111111001111000000000000000000000000000000000000000000000000
000000000000000000000000000000000000000000111111000000000000000000000000111111110000000000000000000000000000000000000001111011111111000000000000000000000000000000000000000000000000
000000000000000000000000000000000000000000110000000000000000000000000001111111111000000011100000000000000000000000000000000001111011100000000000000000000000000000000000000000000000
000000000000000000000000000000000000000000110000000000000000000000000011100000011100000111110000000000000000000000000000000000000001100000000000000000000000000000000000000000000000
000000000000000000000000000000000000000111110000000000000000000000000111000000001110001111110000000000000001110000000000000000000001110000000000000000000000000000000000000000000000
000000000000000000000000000000000000000111100000000000000000000000001110000000000111011100110000000000011111111100000000000000000000110000000000000000000000000000000000000000000000
000000000000000000000000000000000000000110000000000000011111111000001100000000000011111000110000111101111111011100000000000000000000111111111000000000000000000000000000000000000000
000000000000000000000000000000000000110110000000000000111111111100011100000000000001111000110001111111110000001110000000000000000000011111111000000000000000000000000000000000000000
000000000000000000000000000000000000111110000000000001110000001111111000000000000000110000110011100111000000000111001111111000000000000000011100000000000000000000000000000000000000
000000000000000000000000000000000000111110000000000011100000000111100000000000000000000000111111000000000000000011111111111000000000000000001100000000000000000000000000000000000000
000000000000000000000000000000000111110000000000000111000000000000000000000000000000000000011110000000000000000000111000011000000000000000001111100000000000000000000000000000000000
000000000000000000000000000000001111110000000000000110000000000000000000000000000000000000000000000000000000000000000000011000000000000000001111100000000000000000000000000000000000
000000000000000000000000000000001100000000000000000110000000000000000000000000000000000000000000000000000000000000000000011000000000000000000001100000000000000000000000000000000000
000000000000000000000000000000001100000000000000000110000000000000000000000000000000000000000000000000000000000000000000011100111000000000000001100000000000000000000000000000000000
000000000000000000000000000000001100000000000000011110000000000000000000000000000000000000000000000000000000000000000000011111111000000000000001100000000000000000000000000000000000
000000000000000000000000000000001111000000000000011100000000000000000000000000000000000000000000000000000000000000000000000111111000000000000001111100000000000000000000000000000000
000000000000000000000000000000000111000000000000011000000000000000000000000000000000000000000000000000000000000000000000000000111000000000000000111110000000000000000000000000000000
000000000000000000000000000000000111000000000000111000000000000000000000000000000000000000000000000000000000000000000000000000110000000000000000000110000000000000000000000000000000
000000000000000000000000000000011110000000000000110000000000000000000000000000000000000000000000000000000000000000000000000000111111100000000000000110000000000000000000000000000000
000000000000000000000000000000111100000000000000110000000000000000000000000000000000000000000000000000000000000000000000000000111111111000000000000110000000000000000000000000000000
000000000000000000000000000001110000000000000000110000000000000000000000000000000000000000000000000000000000000000000000000000000000111000000000000110000000000000000000000000000000
000000000000000000000000000001110000000000000000110000000000000000000000000000000000000000000000000000000000000000000000000000000000011000000000000110000000000000000000000000000000
000000000000000000000000000001100000000000000000110000000000000000000000000000000000000000000000000000000000000000000000000000000000111000000000001110000000000000000000000000000000
000000000000000000000000000011100000000000000000110000000000000000000000000000000000000000000000000000000000000000000000000000000000110000000000001111111000000000000000000000000000
000000000000000000000000000011000000000000000011110000000000000000000000000000000000000000000000000000000000000000000000000000000000110000000000001111111000000000000000000000000000
000000000000000000000000000111000000000000001111110000000000000000000000000000000000000000000000000000000000000000000000000000000000111111100000001110011000000000000000000000000000
000000000000000000000000000110000000000001111110000000000000000000000000000000000000000000000000000000000000000000000000000000000000011111110000000000011000000000000000000000000000
000000000000000000000000001110000000000011111000000000000000000000000000000000000000000000000000000000000000000000000000000000000000000000110000000000011000000000000000000000000000
000000000000000000000000001110000000001111000000000000000000000000000000000000000000000000000000000000000000000000000000000000000000000000110000000000011000000000000000000000000000
000000000000000000000000000110000000001110000000000000000000000000000000000000000000000000000000000000000000000000000000000000000000000000110000000000011000000000000000000000000000
000000000000000000000000000111000000001100000000000000000000000000000000000000000000000000000000000000000000000000000000000000000000000000110000000000011100000000000000000000000000
000000000000000000000000000011100000111100000000000000000000000000000000000000000000000000000000000000000000000000000000000000000000000000110000000000011100000000000000000000000000
000000000000000000000000000001100011111100000000000000000000000000000000000000000000000000000000000000000000000000000000000000000000000000110000000000001110000000000000000000000000
000000000000000000000000000001101111100000000000000000000000000000000000000000000000000000000000000000000000000000000000000000000000000000110000000000000110000000000000000000000000
000000000000000000000000000111101110000000000000000000000000000000000000000000000000000000000000000000000000000000000000000000000000000000111100000000000110000000000000000000000000
000000000000000000000000111111001100000000000000000000000000000000000000000000000000000000000000000000000000000000000000000000000000000000011111000000001110000000000000000000000000
000000000000000000000000111100001100000000000000000000000000000000000000000000000000000000000000000000000000000000000000000000000000000000000111000000001110000000000000000000000000
000000000000000000000000110000001100000000000000000000000000000000000000000000000000000000000000000000000000000000000000000000000000000000000011000000001110000000000000000000000000
000000000000000000000001110000001111000000000000000000000000000000000000000000000000000000000000000000000000000000000000000000000000000000000111000000000110000000000000000000000000
000000000000000000000011100000000111100000000000000000000000000000000000000000000000000000000000000000000000000000000000000000000000000000001110000000000110000000000000000000000000
000000000000000000000011000000000011100000000000000000000000000000000000000000000000000000000000000000000000000000000000000000000000000000011100000000011110000000000000000000000000
000000000000000000000110000000000011000000000000000000000000000000000000000000000000000000000000000000000000000000000000000000000000000000011100000000011000000000000000000000000000
000000000000000000000110000000000011000000000000000000000000000000000000000000000000000000000000000000000000000000000000000000000000000000011111000000010000000000000000000000000000
000000000000000000000110000000000011100000000000000000000000000000000000000000000000000000000000000000000000000000000000000000000000000000000111100000011000000000000000000000000000
000000000000000000000110000000000001100000000000000000000000000000000000000000000000000000000000000000000000000000000000000000000000000000000001100000011110000000000000000000000000
000000000000000000000111000000000001100000000000000000000000000000000000000000000000000000000000000000000000000000000000000000000000000000000001100000000110000000000000000000000000
000000000000000000000011000000000001100000000000000000000000000000000000000000000000000000000000000000000000000000000000000000000000000000000011100000000110000000000000000000000000
000000000000000000000011000000000011100000000000000000000000000000000000000000000000000000000000000000000000000000000000000000000000000000000011100000000110000000000000000000000000
000000000000000000000011000000000111000000000000000000000000000000000000000000000000000000000000000000000000000000000000000000000000000000000011000000000110000000000000000000000000
000000000000000000000011100000001110000000000000000000000000000000000000000000000000000000000000000000000000000000000000000000000000000000000011100000000110000000000000000000000000
000000000000000000000011100000001110000000000000000000000000000000000000000000000000000000000000000000000000000000000000000000000000000000000011110000000110000000000000000000000000
000000000000000000000011100000001100000000000000000000000000000000000000000000000000000000000000000000000000000000000000000000000000000000000000110000000110000000000000000000000000
000000000000000000000011100000001100000000000000000000000000000000000000000000000000000000000000000000000000000000000000000000000000000000000000010000000110000000000000000000000000
000000000000000000000011000000001100000000000000000000000000000000000000000000000000000000000000000000000000000000000000000000000000000000000000010000011110000000000000000000000000
000000000000000000000011000000001100000000000000000000011111100000000000000000000000000000000000000000000000000000000011111100000000000000000000111000011110000000000000000000000000
000000000000000000000011000000001110000000000000000111111111111000000000000000000000000000000000000000000000000000001111111111110000000000000000111000010000000000000000000000000000
000000000000000000000011100000000111000000000000011111111111111111000000000000000000000000000000000000000000000001111111111111111100000000000000111000011100000000000000000000000000
000000000000000000000001100000000111100000000001111111111111111111111100000000000000000000000000000000000000011111111111111111111111000000000000011000011100000000000000000000000000
000000000000000000000001100000000011100000000011111111111111111111111110000000000000000000000000000000000000111111111111111111111111100000000000010000001100000000000000000000000000
000000000000000000000001100000000011100000000111111111111000111111111111100000000000000000000000000000000011111111111110001111111111110000000000010000011100000000000000000000000000
000000000000000000000000000000000111000000000111111111000000001111111111111000000000000000000000000000001111111111111000000001111111110000000000010000011111000000000000000000000000
000000000000000000000000000000000111000000000011111000000000000001111111111111000000000000000000000001111111111111000000000000001111100000000000110000000000000000000000000000000000
000000000000000000000000000000000110000000000000000000000000000000001111111111100000000000000000000011111111111000000000000000000000000000000000110000000000000000000000000000000000
000000000000000000000000000000000110000000000000000000000000000000000011111111111110000000000000011111111111100000000000000000000000000000000000000000000000000000000000000000000000
000000000000000000000000000000000010000000000000000000000000000000000000111111111111010000000010111111111110000000000000000000000000000000000000000000000000000000000000000000000000
000000000000000000000000000000000010000000000000000000000000000000000000011111111001111000000111111111111100000000000000000000000000000000000000000000000000000000000000000000000000
000000000000000000000000111110000000000000000000000000111111111111000000000111111000011000000110111111110000000000111111111111000000000000000000000001111110000000000000000000000000
000000000000000000000011111111100000000000000000000011100000000000111000000001111111011000000110111111000000000111000000000001110000000000000000000011111111100000000000000000000000
000000000000000000000111110011110000000000000000001110000000000000001110000000111100101000000101111110000000011100000000000000011100000000000000000111100111110000000000000000000000
000000000000000000000111000000110000000000000000111000000000000000000010000000000011001000000100110000000000010000000000000000000111000000000000000110000001110000000000000000000000
000000000000000000000110000000111000000000000011100000000011111100000001000000000000110000000011000000000000100000011111100000000001110000000000001110000000110000000000000000000000
000000000000000000000110000000011101000000000110000011111111111111110000110000000001001100001100100000000011000111111111111111100000011000000001011100000000110000000000000000000000
000000000000000000000110000000011101100000000100001111111111111111111100001000000000000000000000000000000100011111110111111111111000001000000011111100000000110000000000000000000000
000000000000000000000110000000001101100000000000011111110011111000111110000000000000000000000000000000000000111111000111110011111100000000000011111000000000110000000000000000000000
000000000000000000000110000000001101100000000001111100100011111000101110000000000000000000000000000000000000111001000111110001011111000000000011111000000000110000000000000000000000
000000000000000000000110000000000001100000000011110000110011111000100111100000000000000000000000000000000011110001000111110011000111100000000011000000000000110000000000000000000000
000000000000000000000110000000000001100000001111100000110001110001100011111000000000000000000000000000001111100001100011100011000011111000000011000000000000110000000000000000000000
000000000000000000000110000000000001100000111110000000111000000011100000111100000000000000000000000000011110000001110000000111000000111110000011000000000000110000000000000000000000
000000000000000000000110000000000001100000111100000000011100000111100000001100000000000000000000000000011000000001111000001110000000011110000011000000000000110000000000000000000000
000000000000000000000110000000000001100000111110000000001111111111000000000000000000000000000000000000000000000000111111111100000000111110000011000000000000110000000000000000000000
000000000000000000000110000000000001100000001111100000000001111100011111111110000000000000000000000000111111111100001111100000000011111000000011000000000000110000000000000000000000
000000000000000000000110000000000001100000000011111100000000000001111111111110000000000000000000000000111111111111000000000000011111100000000011000000000000110000000000000000000000
000000000000000000000110000000000001100000000000111111000000000111111000000000000000000000000000000000000000001111110000000001111110000000000011000000000000110000000000000000000000
000000000000000000000110000000000001100000000000001111111111111111100000000000000000000000000000000000000000000011111111111111111000000000000011000000000000110000000000000000000000
000000000000000000000111000000000001100000000000000011111111111100000000000000000000000000000000000000000000000000011111111111100000000000000011000000000001110000000000000000000000
000000000000000000000111000000000001100000000000000000000000000000000000000000000000000000000000000000000000000000000000000000000000000000000011000000000001110000000000000000000000
000000000000000000000011000000000001100000000000000000000000000000000000000000000000000000000000000000000000000000000000000000000000000000000011000000000001100000000000000000000000
000000000000000000000011100000000001100000000000000000000000000000000000000000000000000000000000000000000000000000000000000000000000000000000011000000000011100000000000000000000000
000000000000000000000011100000000001100000000000000000000000000000000000000000000000000000000000000000000000000000000000000000000000000000000011000000000011100000000000000000000000
000000000000000000000001100000000001100000000000000000000000000000000000000000000000000000000000000000000000000000000000000000000000000000000011000000000011000000000000000000000000
000000000000000000000001100000000001100000000000000000000000000000000000000000000000000000000000000000000000000000000000000000000000000000000011000000000011000000000000000000000000
000000000000000000000001110000000001100000000000000000000000000000000000000000000000000000000000000000000000000000000000000000000000000000000011000000000111000000000000000000000000
000000000000000000000001110000000001100000000000000000000000000000000000000000000000000000000000000000000000000000000000000000000000000000000011000000000111000000000000000000000000
000000000000000000000000110000000001100000000000000000000000000000000000000000000000000000000000000000000000000000000000000000000000000000000011000000000110000000000000000000000000
000000000000000000000000110000000001100000000000000000000000000000000000000000000000000000000000000000000000000000000000000000000000000000000011000000000110000000000000000000000000
000000000000000000000000110000000001100000000000000000000000000000000000000000000000000000000000000000000000000000000000000000000000000000000011000000000110000000000000000000000000
000000000000000000000000111000000001100000000000000000000000000000000000000000000000000000000000000000000000000000000000000000000000000000000011000000001110000000000000000000000000
000000000000000000000000011000000001100000000000000000000000000000000000000000000000000000000000000000000000000000000000000000000000000000000011000000001100000000000000000000000000
000000000000000000000000011100000001100000000000000000000000000000000000000000000000000000000000000000000000000000000000000000000000000000000011000000011100000000000000000000000000
000000000000000000000000011100000001100000000000000000000000000000000000000000000000000000000000000000000000000000000000000000000000000000000011000000011100000000000000000000000000
000000000000000000000000001100000001100000000000000000000000000000000000000000000000000000000000000000000000000000000000000000000000000000000011000000011000000000000000000000000000
000000000000000000000000001100000001100000000000000000000000000000000000000000000000000000000000000000000000000000000000000000000000000000000011000000011000000000000000000000000000
000000000000000000000000001110000001100000000000000000000000000000000000000000000000000000000000000000000000000000000000000000000000000000000011000000111000000000000000000000000000
000000000000000000000000001110000001100000000000000000000000000000000000000000000000000000000000000000000000000000000000000000000000000000000011000000111000000000000000000000000000
000000000000000000000000000111000001100000000000000000000000000000000000000000010000000000000000000010000000000000000000000000000000000000000011000001110000000000000000000000000000
000000000000000000000000000111000001100000000000000000000000000000000000000000110000000000000000000011000000000000000000000000000000000000000011000001110000000000000000000000000000
000000000000000000000000000011110001110000000000000000000000000000000000000000110000000000000000000011000000000000000000000000000000000000000111000111100000000000000000000000000000
000000000000000000000000000001111101110000000000000000000000000000000000000001100000000000000000000001100000000000000000000000000000000000000111111111000000000000000000000000000000
000000000000000000000000000000111100110000000000000000000000000000000000000001000000000000000000000000100000000000000000000000000000000000000111111110000000000000000000000000000000
000000000000000000000000000000011100110000000000000000000000000000000000000001000000000000000000000000100000000000000000000000000000000000000110000000000000000000000000000000000000
000000000000000000000000000000000000110000000000000000000000000000000000000001000000000000000000000000100000000000000000000000000000000000000110000000000000000000000000000000000000
000000000000000000000000000000000000111000000000000000000000000000000000000001000000000000000000000000100000000000000000000000000000000000001110000000000000000000000000000000000000
000000000000000000000000000000000000011000000000000000000000000000000000000001001110000000000000111000100000000000000000000000000000000000001100000000000000000000000000000000000000
000000000000000000000000000000000000011000000000000000000000000000000000000001101111100000000011111001100000000000000000000000000000000000001100000000000000000000000000000000000000
000000000000000000000000000000000000011000000000000000000000000000000000000000110011110000000111100011000000000000000000000000000000000000001100000000000000000000000000000000000000
000000000000000000000000000000000000011100000000000000000000000000000000000000111000111000001110000111000000000000000000000000000000000000011100000000000000000000000000000000000000
000000000000000000000000000000000000001100000000000000000000000000000000000000011000111100001110000110000000000000000000000000000000000000011000000000000000000000000000000000000000
000000000000000000000000000000000000001110000000000000000000000000000000000000001100000011110000001100000000000000000000000000000000000000111000000000000000000000000000000000000000
000000000000000000000000000000000000000110000000000000000000000000000000000000000000000000000000000000000000000000000000000000000000000000110000000000000000000000000000000000000000
000000000000000000000000000000000000000110000000000000000000000000000000000000000000000000000000000000000000000000000000000000000000000000110000000000000000000000000000000000000000
000000000000000000000000000000000000000111000000000000000000000000000000000000000000000000000000000000000000000000000000000000000000000001110000000000000000000000000000000000000000
000000000000000000000000000000000000000011000000000000000000000000000000000000000000000000000000000000000000000000000000000000000000000001100000000000000000000000000000000000000000
000000000000000000000000000000000000000011000000000000000000000000000000000000000000000000000000000000000000000000000000000000000000000001100000000000000000000000000000000000000000
000000000000000000000000000000000000000011100000000000000000000000000000000000000000000000000000000000000000000000000000000000000000000011100000000000000000000000000000000000000000
000000000000000000000000000000000000000011100000000000000000000000000000000000000000000000000000000000000000000000000000000000000000000011100000000000000000000000000000000000000000
000000000000000000000000000000000000000001100000000000000000000000000000000000000000000000000000000000000000000000000000000000000000000011000000000000000000000000000000000000000000
000000000000000000000000000000000000000001100000000000000000000000000000000000000000000000000000000000000000000000000000000000000000000011000000000000000000000000000000000000000000
000000000000000000000000000000000000000001110000000000000000000000000000000000000000000000000000000000000000000000000000000000000000000111000000000000000000000000000000000000000000
000000000000000000000000000000000000000000110000000000000000000000000000000000000000000000000000000000000000000000000000000000000000000110000000000000000000000000000000000000000000
000000000000000000000000000000000000000000110000000000000000000000000000000000000000000000000000000000000000000000000000000000000000000110000000000000000000000000000000000000000000
000000000000000000000000000000000000000000111000000000000000000000000000000000000000000000000000000000000000000000000000000000000000001110000000000000000000000000000000000000000000
000000000000000000000000000000000000000000111000000000000000000000000000000000000000000000000000000000000000000000000000000000000000001110000000000000000000000000000000000000000000
000000000000000000000000000000000000000000011000000000000000000000000000000000000000000000000000000000000000000000000000000000000000001100000000000000000000000000000000000000000000
000000000000000000000000000000000000000000011100000000000000000000000000000000000000000000000000000000000000000000000000000000000000011100000000000000000000000000000000000000000000
000000000000000000000000000000000000000000011100000000000000000000000000000000000000000000000000000000000000000000000000000000000000011100000000000000000000000000000000000000000000
000000000000000000000000000000000000000000001100000000000000000000000000000000000000000000000000000000000000000000000000000000000000011000000000000000000000000000000000000000000000
000000000000000000000000000000000000000000001100000000000000000000000000000000000000000000000000000000000000000000000000000000000000011000000000000000000000000000000000000000000000
000000000000000000000000000000000000000000001110000000000000000000000000000000000000000000000000000000000000000000000000000000000000111000000000000000000000000000000000000000000000
000000000000000000000000000000000000000000001111000000000000000000000000000000000000000000000000000000000000000000000000000000000001111000000000000000000000000000000000000000000000
000000000000000000000000000000000000000000000111000000000000000000000000000000000000000000000000000000000000000000000000000000000001110000000000000000000000000000000000000000000000
000000000000000000000000000000000000000000000011110000000000000000000000000000000000000000000000000000000000000000000000000000000111100000000000000000000000000000000000000000000000
000000000000000000000000000000000000000000000001111000000000000000000000000000000000000000000000000000000000000000000000000000001111000000000000000000000000000000000000000000000000
000000000000000000000000000000000000000000000000111100000000000000000000000000000000000000000000000000000000000000000000000000011110000000000000000000000000000000000000000000000000
000000000000000000000000000000000000000000000000001110000000000000000000000000000000000000000000000000000000000000000000000000111000000000000000000000000000000000000000000000000000
000000000000000000000000000000000000000000000000000111000000000000000000000000000000000000000000000000000000000000000000000001110000000000000000000000000000000000000000000000000000
000000000000000000000000000000000000000000000000000011100000000000000000000000000000000000000000000000000000000000000000000011100000000000000000000000000000000000000000000000000000
000000000000000000000000000000000000000000000000000011111000000000000000000000000000000000000000000000000000000000000000001111100000000000000000000000000000000000000000000000000000
000000000000000000000000000000000000000000000000000000111100000000000000000000000000000000000000000000000000000000000000011110000000000000000000000000000000000000000000000000000000
000000000000000000000000000000000000000000000000000000011110000000000000000000000000000000000000000000000000000000000000111100000000000000000000000000000000000000000000000000000000
000000000000000000000000000000000000000000000000000000001111000000000000000000000000000000000000000000000000000000000001111000000000000000000000000000000000000000000000000000000000
000000000000000000000000000000000000000000000000000000000111100000000000000000000000000000000000000000000000000000000011110000000000000000000000000000000000000000000000000000000000
000000000000000000000000000000000000000000000000000000000011110000000000000000000000000000000000000000000000000000000111100000000000000000000000000000000000000000000000000000000000
000000000000000000000000000000000000000000000000000000000001110000000000000000000000000000000000000000000000000000000111000000000000000000000000000000000000000000000000000000000000
000000000000000000000000000000000000000000000000000000000000111100000000000000000000000000000000000000000000000000011110000000000000000000000000000000000000000000000000000000000000
000000000000000000000000000000000000000000000000000000000000011110000000000000000000000000000000000000000000000000111100000000000000000000000000000000000000000000000000000000000000
000000000000000000000000000000000000000000000000000000000000001111100000000000000000000000000000000000000000000011111000000000000000000000000000000000000000000000000000000000000000
000000000000000000000000000000000000000000000000000000000000000111110000000000000000000000000000000000000000000111110000000000000000000000000000000000000000000000000000000000000000
000000000000000000000000000000000000000000000000000000000000000001111000000000000000000000000000000000000000001111000000000000000000000000000000000000000000000000000000000000000000
000000000000000000000000000000000000000000000000000000000000000000111100000000000000000000000000000000000000011110000000000000000000000000000000000000000000000000000000000000000000
000000000000000000000000000000000000000000000000000000000000000000111110000000000000000000000000000000000000111110000000000000000000000000000000000000000000000000000000000000000000
000000000000000000000000000000000000000000000000000000000000000000011111000000000000000000000000000000000001111100000000000000000000000000000000000000000000000000000000000000000000
000000000000000000000000000000000000000000000000000000000000000000000111100000000000000000000000000000000011110000000000000000000000000000000000000000000000000000000000000000000000
000000000000000000000000000000000000000000000000000000000000000000000111110000000000000000000000000000000111110000000000000000000000000000000000000000000000000000000000000000000000
000000000000000000000000000000000000000000000000000000000000000000000001111000000000000000000000000000001111000000000000000000000000000000000000000000000000000000000000000000000000
000000000000000000000000000000000000000000000000000000000000000000000000111110000000000000000000000000111110000000000000000000000000000000000000000000000000000000000000000000000000
000000000000000000000000000000000000000000000000000000000000000000000000011111110000000000000000000111111100000000000000000000000000000000000000000000000000000000000000000000000000
000000000000000000000000000000000000000000000000000000000000000000000000001111111111111111111111111111111000000000000000000000000000000000000000000000000000000000000000000000000000
000000000000000000000000000000000000000000000000000000000000000000000000000000111111111111111111111110000000000000000000000000000000000000000000000000000000000000000000000000000000
000000000000000000000000000000000000000000000000000000000000000000000000000000000000000000000000000000000000000000000000000000000000000000000000000000000000000000000000000000000000
000000000000000000000000000000000000000000000000000000000000000000000000000000000000000000000000000000000000000000000000000000000000000000000000000000000000000000000000000000000000
000000000000000000000000000000000000000000000000000000000000000000000000000000000000000000000000000000000000000000000000000000000000000000000000000000000000000000000000000000000000
000000000000000000000000000000000000000000000000000000000000000000000000000000000000000000000000000000000000000000000000000000000000000000000000000000000000000000000000000000000000
000000000000000000000000000000000000000000000000000000000000000000000000000000000000000000000000000000000000000000000000000000000000000000000000000000000000000000000000000000000000
000000000000000000000000000000000000000000000000000000000000000000000000000000000000000000000000000000000000000000000000000000000000000000000000000000000000000000000000000000000000
