000000000000000000000000000000000000000000000000000000000000000000000000000000000000000000000000000000000000000000000000000000000000000000000000000000000000000000000000000000000000
000000000000000000000000000000000000000000000000000000000000000000000000000000000000000000000000000011111000000000000000000000000000000000000000000000000000000000000000000000000000
000000000000000000000000000000000000000000000000000000000000000000000001110000000000000000000000001111111110000000000000000000000000000000000000000000000000000000000000000000000000
000000000000000000000000000000000000000000000000000000000000000000000001111110111110000000001111111110011111100000000000000000000000000000000000000000000000000000000000000000000000
000000000000000000000000000000000000000000000000000000000000000000011111111110111111111111111111111000000111111100000000000000000000000000000000000000000000000000000000000000000000
000000000000000000000000000000000000000000000000000000000000001111111111000000000011111111111000000000000000111111110000000000000000000000000000000000000000000000000000000000000000
000000000000000000000000000000000000000000000000000000000001111111110000000000000000000000000000000000000000001111111110000000000000000000000000000000000000000000000000000000000000
000000000000000000000000000000000000000000000000000000111111111000000000000000000000000000000000000000000000000000011111111100000000000000000000000000000000000000000000000000000000
000000000000000000000000000000000000000000000000001111111111000000000000000000000000000000000000000000000000000000000011111111111110000000000000000000000000000000000000000000000000
000000000000000000000000000000000000000000000011111111100000000000000000000000000000000000000000000000000000000000000000000111111111111000000000000000000000000000000000000000000000
000000000000000000000000000000000000000000001111111000000000000000000000000000000000000000010000000000000000000000000000000000000011111111000000000000000000000000000000000000000000
000000000000000000000000000000000000000000001110000000000000000000000010000000001111100111110011111000000000000000000000000000000000011111110000000000000000000000000000000000000000
000000000000000000000000000000000000000000111100000000000000000000000000001111111111111111111111111111111000000000000000000000000000000011111100000000000000000000000000000000000000
000000000000000000000000000000000000000000111000000000000000000000000000111111111111111100011111111111111110000000000000000000000000000000111110000000000000000000000000000000000000
000000000000000000000000000000000000000001110000000000000000000000000011111000000000000000000000000000001111100000000000000000000000000000001111000000000000000000000000000000000000
000000000000000000000000000000000000000001100000000000000000000000011111100000000000000000000000000000000011111100000000000000000000000000000011110000000000000000000000000000000000
000000000000000000000000000000000000000001100000000000000000000011111110000000000000000000000000000000000000111111100000000000000000000000000001111000000000000000000000000000000000
000000000000000000000000000000000000000111100000000000000111111111110000000000000000000000000000000000000000000111111111110000000000000000000000111100000000000000000000000000000000
000000000000000000000000000000000000001111100000000001111111111110000000000000000000000000000000000000000000000000111111111111000000000000000000001110000000000000000000000000000000
000000000000000000000000000000000000011110000000000111111110111000000000000000000000000000000000000000000000000000001110111111110000000000000000000110000000000000000000000000000000
000000000000000000000000000000000000111000000000001111000000000000000000000000000000000000000000000000000000000000000000000001111000000000000000000111000000000000000000000000000000
000000000000000000000000000000000001110000000000011110000000000000000000000000000000000000000000000000000000000000000000000000111100000000000000000011100000000000000000000000000000
000000000000000000000000000000000011100000000001111000000000000000000000000000000000000000000000000000000000000000000000000000001111000000000000000001110000000000000000000000000000
000000000000000000000000000000000011000000000011110000000000000000000000000000000000000000000000000000000000000000000000000000000111100000000000000010110000000000000000000000000000
000000000000000000000000000000000111000000000011000000000000000000000000000000000000000000000000000000000000000000000000000000000001100000000000000000111000000000000000000000000000
000000000000000000000000000000000110000000000111000000000000000000000000000000000000000000000000000000000000000000000000000000000001110000000000000000011000000000000000000000000000
000000000000000000000000000000001110000000000111000000000000000000000000000000000000000000000000000000000000000000000000000000000001110000000000000000011100000000000000000000000000
000000000000000000000000000000001100000000001110000000000000000000000000000000000000000000000000000000000000000000000000000000000000111000000000000000001100000000000000000000000000
000000000000000000000000000000011100000000001110000000000000000000000000000000000000000000000000000000000000000000000000000000000000111000000000000000001100000000000000000000000000
000000000000000000000000000000011000000000001100000000000000000000000000000000000000000000000000000000000000000000000000000000000000011000000000000000001100000000000000000000000000
000000000000000000000000000000011000000000011100000000000000000000000000000000000000000000000000000000000000000000000000000000000000011100000000000000001100000000000000000000000000
000000000000000000000000000000011000000000011100000000000000000000000000000000000000000000000000000000000000000000000000000000000000011101100000000000001100000000000000000000000000
000000000000000000000000000000111000000000111000000000000000000000000000000000000000000000000000000000000000000000000000000000000000001110000000000000011100000000000000000000000000
000000000000000000000000000000110000000001110000000000000000000000000000000000000000000000000000000000000000000000000000000000000000000111000000000000011100000000000000000000000000
000000000000000000000000000000110000000001110000000000000000000000000000000000000000000000000000000000000000000000000000000000000000000111000000000000011100000000000000000000000000
000000000000000000000000000000110000000011100000000000000000000000000000000000000000000000000000000000000000000000000000000000000000000011100000000000001100000000000000000000000000
000000000000000000000000000001110000000011000000000000000000000000000000000000000000000000000000000000000000000000000000000000000000000001100000000000001100000000000000000000000000
000000000000000000000000000001100000000011000000000000000000000000000000000000000000000000000000000000000000000000000000000000000000000001100000000000001100000000000000000000000000
000000000000000000000000000011100000000011000000000000000000000000000000000000000000000000000000000000000000000000000000000000000000000001110000000000001100000000000000000000000000
000000000000000000000000000011100000000111000000000000000000000000000000000000000000000000000000000000000000000000000000000000000000000000110000000000001100000000000000000000000000
000000000000000000000000000011000000000110000000000000000000000000000000000000000000000000000000000000000000000000000000000000000000000000110000000000001100000000000000000000000000
000000000000000000000000000011000000000110000000000000000000000000000000000000000000000000000000000000000000000000000000000000000000000000111000000000001100000000000000000000000000
000000000000000000000000000011000000000110000000000000000000000000000000000000000000000000000000000000000000000000000000000000000000000000011000000000001100000000000000000000000000
000000000000000000000000000011000000000110000000000000000000000000000000000000000000000000000000000000000000000000000000000000000000000000011000000000001100000000000000000000000000
000000000000000000000000000011000010000110000000000000000000000000000000000000000000000000000000000000000000000000000000000000000000000000011000000000001100000000000000000000000000
000000000000000000000000000011000010001110000000000000000000000000000000000000000000000000000000000000000000000000000000000000000000000000011000000000001100000000000000000000000000
000000000000000000000000000011000000001100000000000000000000000000000000000000000000000000000000000000000000000000000000000000000000000000011100000000001100000000000000000000000000
000000000000000000000000000111000000011100000000000000000000000000000000000000000000000000000000000000000000000000000000000000000000000000001100000000001100000000000000000000000000
000000000000000000000000001111000000011100000000000000000000000000000000000000000000000000000000000000000000000000000000000000000000000000001100000000001100000000000000000000000000
000000000000000000000000011110000000011000000000000000000000000000000000000000000000000000000000000000000000000000000000000000000000000000001100000000011100000000000000000000000000
000000000000000000000000011100000000011000000000000000000000000000000000000000000000000000000000000000000000000000000000000000000000000000001100000000001100000000000000000000000000
000000000000000000000000011000000000011000000000000000000000000000000000000000000000000000000000000000000000000000000000000000000000000000001100000000001100000000000000000000000000
000000000000000000000000111000000000011000000000000000000000000000000000000000000000000000000000000000000000000000000000000000000000000000001100000000001110000000000000000000000000
000000000000000000000000111000000000011000000000000000000000000000000000000000000000000000000000000000000000000000000000000000000000000000001100000000001110000000000000000000000000
000000000000000000000000110000000000011000000000000000000000000000000000000000000000000000000000000000000000000000000000000000000000000000001110000000000110000000000000000000000000
000000000000000000000000110000000000011000000000000000000000000000000000000000000000000000000000000000000000000000000000000000000000000000000111000000000110000000000000000000000000
000000000000000000000000110000000000011000000000001111110000000000000000000000000000000000000000000000000000000000000000000111111000000000000111000000000111000000000000000000000000
000000000000000000000000110000000000011000000000011111111111110000000000000000000000000000000000000000000000000000000111111111111100000000000011000000000111000000000000000000000000
000000000000000000000000110000000000011000000000111111111111111110000000000000000000000000000000000000000000000000111111111111111110000000000011000000000011000000000000000000000000
000000000000000000000000111000000000011000000011111111111111111111110000000000000000000000000000000000000000000111111111111111111111100000000011000000000011000000000000000000000000
000000000000000000000000011000000000011000001111111111111111111111111110000000000000000000000000000000000000111111111111111111111111111000000011100000000011000000000000000000000000
000000000000000000000000011000000000011000011111111111111111111111111111111100000000000000000000000000011111111111111111111111111111111100000001100000000011000000000000000000000000
000000000000000000000000011000000000011000111111111111111111111111111111111110000000000000000000000000111111111111111111111111111111111110000001100000000011000000000000000000000000
000000000000000000000000011000000100011001111111110000001111111111111111111111000000000000000000000001111111111111111111111000000111111111000001100000000011000000000000000000000000
000000000000000000000000011000000000011011111100000000000001111111111111111111000000000000000000000001111111111111111111000000000000011111100001100000000011000000000000000000000000
000000000000000000000000011000000000011011100000000000000000000111111111111111000000000000000000000001111111111111110000000000000000000011100001100000000011000000000000000000000000
000000000000000000000000011000000000011000000000000000000000000000011111111111000000000000000000000001111111111100000000000000000000000000000001100000000011000000000000000000000000
000000000000000000000000011000000000111000000000000000000000000000000001111111000000000000000000000001111111000000000000000000000000000000000001100000000111000000000000000000000000
000000000000000000000000011000000000110000000000000000000000000000000000011110000000000000000000000000111100000000000000000000000000000000000001100000000110000000000000000000000000
000000000000000000000000111000000000110000000000000000000000000000000000000000000000000000000000000000000000000000000000000000000000000000000001100000000110000000000000000000000000
000000000000000000000000111000000000110000000000000000000000000000000000000000000000000000000000000000000000000000000000000000000000000000000001100000000110000000000000000000000000
000000000000000000000000110000000001110000000000000000000000000000000000000000000000000000000000000000000000000000000000000000000000000000000001100000000110000000000000000000000000
000000000000000000000000111110000001100000000000000000000000000000000000000000000000000000000000000000000000000000000000000000000000000000000001100001111110000000000000000000000000
000000000000000000000011011111100011100000000000000000000000000000000000000000000000000000000000000000000000000000000000000000000000000000000001100011111101100000000000000000000000
000000000000000000000011010011110011100000000000000000000000000000000000000000000000000000000000000000000000000000000000000000000000000000000001100111100101110000000000000000000000
000000000000000000000011000000110011100000000000000000000000000000000000000000000000000000000000000000000000000000000000000000000000000000000001100110000001110000000000000000000000
000000000000000000000010000000111011000000000000000000000111111100001111000000000000000000000000000000000000111100011111111000000000000000000001101110000000100000000000000000000000
000000000000000000000010000000011111000000000000000011111000000000000000100000000000000000000000000000000011000000000000001111100000000000000001111100000000100000000000000000000000
000000000000000000000000000000011111100000000000001100000000000000000000001000000000000000000000000000000100000000000000000000011000000000000011111100000000100000000000000000000000
000000000000000000000000000000001101100000000000000001110111111111110000000100000000000000000000000000001000000111111111110011000000000000000011111000000000100000000000000000000000
000000000000000000000000000000001101100000000000000100111111111111111110000000000000000000000000000000000000111111111111111101010000000000000011111000000000000000000000000000000000
000000000000000000000000000000000001100000000000110000110011111001111111000000000000000000000000000000000001111110100111110011000110000000000011000000000000000000000000000000000000
000000000000000000000010000000000001100000001111100000010001111001000111100000000000000000000000000000000011110000100111100010010011111000000011000000000000100000000000000000000000
000000000000000000000010000000000001100000011110000000010000111001000011111000000000000000000000000000001111100000100111000010000000111100000011000000000000100000000000000000000000
000000000000000000000010000000000001100000011100100000011000110111000000111100000000000000000000000000011110000000111011000110000010011100000011000000000000100000000000000000000000
000000000000000000000000000000000001100000000110111000001100000110000000101000000000000000000000000000001010000000011000001100001110110000000011000000000000000000000000000000000000
000000000000000000000000000000000001100000000001110000000101111100011111111000000000000000000000000000001111111110001111101000000111000000000011000000000000000000000000000000000000
000000000000000000000000000000000001100000000000011110000011000001111000111000000000000000000000000000001110001111000000110000111100000000000011000000000000000000000000000000000000
000000000000000000000000000000000001100000000000000011100001100111100000000000000000000000000000000000000000000011111001100011100000000000000011000000000000000000000000000000000000
000000000000000000000000000000000001100000000000000000110000011100000000000000000000000000000000000000000000000000001110000110000000000000000011000000000000000000000000000000000000
000000000000000000000000000000000001100000000000000000000000000000000000000000000000000000000000000000000000000000000000000000000000000000000011000000000000000000000000000000000000
000000000000000000000000000000000001100000000000000000000000000000000000000000000000000000000000000000000000000000000000000000000000000000000011000000000000000000000000000000000000
000000000000000000000000000000000001100000000000000000000000000000000000000000000000000000000000000000000000000000000000000000000000000000000011000000000000000000000000000000000000
000000000000000000000000000000000001100000000000000000000000000000000000000000000000000000000000000000000000000000000000000000000000000000000011000000000000000000000000000000000000
000000000000000000000000000000000001100000000000000000000000000000000000000000000000000000000000000000000000000000000000000000000000000000000011000000000000000000000000000000000000
000000000000000000000000000000000001100000000000000000000000000000000000000000000000000000000000000000000000000000000000000000000000000000000011000000000000000000000000000000000000
000000000000000000000000000000000001100000000000000000000000000000000000000000000000000000000000000000000000000000000000000000000000000000000011000000000000000000000000000000000000
000000000000000000000000010000000001100000000000000000000000000000000000000000000000000000000000000000000000000000000000000000000000000000000011000000000100000000000000000000000000
000000000000000000000000010000000001100000000000000000000000000000000000000000000000000000000000000000000000000000000000000000000000000000000011000000000100000000000000000000000000
000000000000000000000000000000000001100000000000000000000000000000000000000000000000000000000000000000000000000000000000000000000000000000000011000000000000000000000000000000000000
000000000000000000000000000000000001100000000000000000000000000000000000000000000000000000000000000000000000000000000000000000000000000000000011000000000000000000000000000000000000
000000000000000000000000000000000001100000000000000000000000000000000000000000000000000000000000000000000000000000000000000000000000000000000011000000000000000000000000000000000000
000000000000000000000000001000000001100000000000000000000000000000000000000000000000000000000000000000000000000000000000000000000000000000000011000000001000000000000000000000000000
000000000000000000000000001000000001100000000000000000000000000000000000000000000000000000000000000000000000000000000000000000000000000000000011000000001000000000000000000000000000
000000000000000000000000001100000001100000000000000000000000000000000000000000000000000000000000000000000000000000000000000000000000000000000011000000011000000000000000000000000000
000000000000000000000000000100000001100000000000000000000000000000000000000000100000000000000000000001000000000000000000000000000000000000000011000000010000000000000000000000000000
000000000000000000000000000100000001100000000000000000000000000000000000000000100000000000000000000001000000000000000000000000000000000000000011000000010000000000000000000000000000
000000000000000000000000000100000001100000000000000000000000000000000000000000100000000000000000000001000000000000000000000000000000000000000011000000010000000000000000000000000000
000000000000000000000000000010000001100000000000000000000000000000000000000111100000000000000000000001111000000000000000000000000000000000000011000000100000000000000000000000000000
000000000000000000000000000010000001100000000000000000000000000000000000011100000000000000000000000000001110000000000000000000000000000000000011000000100000000000000000000000000000
000000000000000000000000000000000001100000000000000000000000000000000000010000000000000000000000000000000010000000000000000000000000000000000011000001000000000000000000000000000000
000000000000000000000000000000000001100000000000000000000000000000000000110000000000000000000000000000000011000000000000000000000000000000000011000000000000000000000000000000000000
000000000000000000000000000000000001110000000000000000000000000000000000100000000000000000000000000000000001000000000000000000000000000000000111000110000000000000000000000000000000
000000000000000000000000000000001101110000000000000000000000000000000000100000000000000000000000000000000001000000000000000000000000000000000111111100000000000000000000000000000000
000000000000000000000000000000000100110000000000000000000000000000000000110000000000000000000000000000000011000000000000000000000000000000000111111000000000000000000000000000000000
000000000000000000000000000000011100110000000000000000000000000000000000010000011110000000000000111100000010000000000000000000000000000000000110000110000000000000000000000000000000
000000000000000000000000000000011100110000000000000000000000000000000000011001111111000000000001111111000110000000000000000000000000000000000110000110000000000000000000000000000000
000000000000000000000000000000011000111000000000000000000000000000000000001011111111100000000011111111100100000000000000000000000000000000001110000111000000000000000000000000000000
000000000000000000000000000000111000011000000000000000000000000000000000000111111111111100001111111111101000000000000000000000000000000000001100000011000000000000000000000000000000
000000000000000000000000000001110000011000000000000000000000000000000000000111100000000011110000000001111000000000000000000000000000000000001100000011000000000000000000000000000000
000000000000000000000000000011100000011000000000000000000000000000000000000000000000000000000000000000000000000000000000000000000000000000001100000011000000000000000000000000000000
000000000000000000000000000011000000011100000000000000000000000000000000000000000000000000000000000000000000000000000000000000000000000000011100000011100000000000000000000000000000
000000000000000000000000000111000000001100000000000000000000000000000000000000000000000000000000000000000000000000000000000000000000000000011000000001100000000000000000000000000000
000000000000000000000000001110000000001110000000000000000000000000000000000000000000000000000000000000000000000000000000000000000000000000111000000001100000000000000000000000000000
000000000000000000000000011100000000000110000000000000000000000000000000000000000000000000000000000000000000000000000000000000000000000000110000000001100000000000000000000000000000
000000000000000000000000011000000000000110000000000000000000000000000000000000000000000000000000000000000000000000000000000000000000000000110000000001100000000000000000000000000000
000000000000000000000000111000000000000111000000000000000000000000000000000000000000000000000000000000000000000000000000000000000000000001110000000001100000000000000000000000000000
000000000000000000000000110000000000000011000000000000000000000000000000000000000000000000000000000000000000000000000000000000000000000001100000000001100000000000000000000000000000
000000000000000000000000110000000000000011000000000000000000000000000000000000000000000000000000000000000000000000000000000000000000000001100000000001110000000000000000000000000000
000000000000000000000001110000000000000011100000000000000000000000000000000000000000000000000000000000000000000000000000000000000000000011100000000000110000000000000000000000000000
000000000000000000000001100000000000000011100000000000000000000000000000000000000000000000000000000000000000000000000000000000000000000011100000000000110000000000000000000000000000
000000000000000000000011100000000000000001100000000000000000000000000000000000000000000000000000000000000000000000000000000000000000000011000000000011110000000000000000000000000000
000000000000000000000011100000000000000001100000000000000000000000000000000000000000000000000000000000000000000000000000000000000000000011000000000011110000000000000000000000000000
000000000000000000000011000000000000000001110000000000000000000000000000000000000000000000000000000000000000000000000000000000000000000111000000000011110000000000000000000000000000
000000000000000000000011000000000000000000110000000000000000000000000000000000011111111100001111111100000000000000000000000000000000000110000000000011110000000000000000000000000000
000000000000000000000011100000000000000000110000000000000000000000000000000011111111000111111000111111100000000000000000000000000000000110000000000011110000000000000000000000000000
000000000000000000000001100000000000000000111000000000000000000000000000001111000000000000000000000000111000000000000000000000000000001110000000000011000000000000000000000000000000
000000000000000000000001100000000000000000111000000000000000000000000000001110001111111111111111111100011000000000000000000000000000001110000000000011100000000000000000000000000000
000000000000000000000001100000000000000000011000000000000000000000000001111111111110001111111000111111111111000000000000000000000000001100000000000001100000000000000000000000000000
000000000000000000000001100000000000000000011100000000000000000001111111111000000000000000000000000000001111111111000000000000000000011100000000000001100000000000000000000000000000
000000000000000000000001100000000000000000011100000000000000000001111111110000000000000000000000000000000111111111000000000000000000011100000000000001100000000000000000000000000000
000000000000000000000001100000000000000000001100000000000000000000000000011000000000000000000000000000000110000000000000000000000000011000000000000001100000000000000000000000000000
000000000000000000000001110000000000000000001100000000000000000000000000011100000000000000000000000000001110000000000000000000000000011000000000000001100000000000000000000000000000
000000000000000000000000110000000000000000001110000000000000000000000000000111000000000000000000000001110000000000000000000000000000111000000000000001100000000000000000000000000000
000000000000000000000000110011100000000000001111000000000000000000000000000111111000000000000000001111110000000000000000000000000001111000000000000001100000000000000000000000000000
000000000000000000000000111011110000000000000111000000000000000000000000000001111111111111111111111111000000000000000000000000000001110000000000000001100000000000000000000000000000
000000000000000000000000011011110000000000000011110000000000000000000000000000011111111111111111111100000000000000000000000000000111100000000000000011100000000000000000000000000000
000000000000000000000000011011111000000000000001111000000000000000000000000000000000000000000000000000000000000000000000000000001111000000000000000001000000000000000000000000000000
000000000000000000000000011011011000000000000000111100000000000000000000000000000000000000000000000000000000000000000000000000011110000000000000000001000000000000000000000000000000
000000000000000000000000011111011100000000000000001110000000000000000000000000000000000000000000000000000000000000000000000000111011100000111111100111000000000000000000000000000000
000000000000000000000000001111011100000000000000000111000000000000000000000000000000000000000000000000000000000000000000000001110111100011111111111110000000000000000000000000000000
000000000000000000000000001111001110000000000000000011100000000000000000000000000000000000000000000000000000000000000000000011100001110111110001111110000000000000000000000000000000
000000000000000000000000000111000111000000000011111111111000000000000000000000000000000000000000000000000000000000000000001111100001111111000000000000000000000000000000000000000000
000000000000000000000000000000000111111111111111111110111100000000000000000000000000000000000000000000000000000000000000011110000000111110000000000000000000000000000000000000000000
000000000000000000000000000000000011111111111111111100011110000000000000000000000000000000000000000000000000000000000000111100000000000000000000000000000000000000000000000000000000
000000000000000000000000000000000000000000000000000000001111000000000000000000000000000000000000000000000000000000000001111000000000000000000000000000000000000000000000000000000000
000000000000000000000000000000000000000000000000000000000111100000000000000000000000000000000000000000000000000000000011110000000000000000000000000000000000000000000000000000000000
000000000000000000000000000000000000000000000000000000000011110000000000000000000000000000000000000000000000000000000111100000000000000000000000000000000000000000000000000000000000
000000000000000000000000000000000000000000000000000000000001110000000000000000000000000000000000000000000000000000000111000000000000000000000000000000000000000000000000000000000000
000000000000000000000000000000000000000000000000000000000000111100000000000000000000000000000000000000000000000000011110000000000000000000000000000000000000000000000000000000000000
000000000000000000000000000000000000000000000000000000000000011110000000000000000000000000000000000000000000000000111100000000000000000000000000000000000000000000000000000000000000
000000000000000000000000000000000000000000000000000000000000001111100000000000000000000000000000000000000000000011111000000000000000000000000000000000000000000000000000000000000000
000000000000000000000000000000000000000000000000000000000000000111110000000000000000000000000000000000000000000111110000000000000000000000000000000000000000000000000000000000000000
000000000000000000000000000000000000000000000000000000000000000001111000000000000000000000000000000000000000001111000000000000000000000000000000000000000000000000000000000000000000
000000000000000000000000000000000000000000000000000000000000000000111100000000000000000000000000000000000000011110000000000000000000000000000000000000000000000000000000000000000000
000000000000000000000000000000000000000000000000000000000000000000111110000000000000000000000000000000000000111110000000000000000000000000000000000000000000000000000000000000000000
000000000000000000000000000000000000000000000000000000000000000000011111000000000000000000000000000000000001111100000000000000000000000000000000000000000000000000000000000000000000
000000000000000000000000000000000000000000000000000000000000000000000111100000000000000000000000000000000011110000000000000000000000000000000000000000000000000000000000000000000000
000000000000000000000000000000000000000000000000000000000000000000000111110000000000000000000000000000000111110000000000000000000000000000000000000000000000000000000000000000000000
000000000000000000000000000000000000000000000000000000000000000000000001111000000000000000000000000000001111000000000000000000000000000000000000000000000000000000000000000000000000
000000000000000000000000000000000000000000000000000000000000000000000000111110000000000000000000000000111110000000000000000000000000000000000000000000000000000000000000000000000000
000000000000000000000000000000000000000000000000000000000000000000000000011111110000000000000000000111111100000000000000000000000000000000000000000000000000000000000000000000000000
000000000000000000000000000000000000000000000000000000000000000000000000001111111111111111111111111111111000000000000000000000000000000000000000000000000000000000000000000000000000
000000000000000000000000000000000000000000000000000000000000000000000000000000111111111111111111111110000000000000000000000000000000000000000000000000000000000000000000000000000000
000000000000000000000000000000000000000000000000000000000000000000000000000000000000000000000000000000000000000000000000000000000000000000000000000000000000000000000000000000000000
000000000000000000000000000000000000000000000000000000000000000000000000000000000000000000000000000000000000000000000000000000000000000000000000000000000000000000000000000000000000
000000000000000000000000000000000000000000000000000000000000000000000000000000000000000000000000000000000000000000000000000000000000000000000000000000000000000000000000000000000000
000000000000000000000000000000000000000000000000000000000000000000000000000000000000000000000000000000000000000000000000000000000000000000000000000000000000000000000000000000000000
000000000000000000000000000000000000000000000000000000000000000000000000000000000000000000000000000000000000000000000000000000000000000000000000000000000000000000000000000000000000
000000000000000000000000000000000000000000000000000000000000000000000000000000000000000000000000000000000000000000000000000000000000000000000000000000000000000000000000000000000000
