000000000000000000000000000000000000000000000000000000000000000000000000000000000000000000000000000000000000000000000000000000000000000000000000000000000000000000000000000000000000
000000000000000000000000000000000000000000000000000000000000000000000000000000000000000000000000000011111000000000000000000000000000000000000000000000000000000000000000000000000000
000000000000000000000000000000000000000000000000000000000000000000000000000000000000000000000000001111111110000000000000000000000000000000000000000000000000000000000000000000000000
000000000000000000000000000000000000000000000000000000000000000000000001111110111110000000001111111110011111100000000000000000000000000000000000000000000000000000000000000000000000
000000000000000000000000000000000000000000000000000000000000000000011111111110111111111111111111111000000111111100000000000000000000000000000000000000000000000000000000000000000000
000000000000000000000000000000000000000000000000000000000000001111111111000000000011111111111000000000000000111111110000000000000000000000000000000000000000000000000000000000000000
000000000000000000000000000000000000000000000000000000000001111111110000000000000000000000000000000000000000001111111110000000000000000000000000000000000000000000000000000000000000
000000000000000000000000000000000000000000000000000000111111111000000000000000000000000000000000000000000000000000011111111100000000000000000000000000000000000000000000000000000000
000000000000000000000000000000000000000000000000001111111111000000000000000000000000000000000000000000000000000000000011111111111110000000000000000000000000000000000000000000000000
000000000000000000000000000000000000000000000011111111100000000000000000000000000000000000000000000000000000000000000000000111111111111000000000000000000000000000000000000000000000
000000000000000000000000000000000000000000001111111000000000000000000000000000000000000000000000000000000000000000000000000000000011111111000000000000000000000000000000000000000000
000000000000000000000000000000000000000000001110000000000000000000000000000000001111100111110011111000000000000000000000000000000000011111110000000000000000000000000000000000000000
000000000000000000000000000000000000000000111100000000000000000000000000001111111111111111111111111111111000000000000000000000000000000011111100000000000000000000000000000000000000
000000000000000000000000000000000000000000111000000000000000000000000000111111111111111100011111111111111110000000000000000000000000000000111110000000000000000000000000000000000000
000000000000000000000000000000000000000001110000000000000000000000000011111000000000000000000000000000001111100000000000000000000000000000001111000000000000000000000000000000000000
000000000000000000000000000000000000000001100000000000000000000000011111100000000000000000000000000000000011111100000000000000000000000000000011110000000000000000000000000000000000
000000000000000000000000000000000000000001100000000000000000000011111110000000000000000000000000000000000000111111100000000000000000000000000001111000000000000000000000000000000000
000000000000000000000000000000000000000111100000000000000111111111110000000000000000000000000000000000000000000111111111110000000000000000000000111100000000000000000000000000000000
000000000000000000000000000000000000001111100000000001111111111110000000000000000000000000000000000000000000000000111111111111000000000000000000001110000000000000000000000000000000
000000000000000000000000000000000000011110000000000111111110111000000000000000000000000000000000000000000000000000001110111111110000000000000000000110000000000000000000000000000000
000000000000000000000000000000000000111000000000001111000000000000000000000000000000000000000000000000000000000000000000000001111000000000000000000111000000000000000000000000000000
000000000000000000000000000000000001110000000000011110000000000000000000000000000000000000000000000000000000000000000000000000111100000000000000000011100000000000000000000000000000
000000000000000000000000000000000011100000000001111000000000000000000000000000000000000000000000000000000000000000000000000000001111000000000000000001110000000000000000000000000000
000000000000000000000000000000000011000000000011110000000000000000000000000000000000000000000000000000000000000000000000000000000111100000000000000000110000000000000000000000000000
000000000000000000000000000000000111000000000011000000000000000000000000000000000000000000000000000000000000000000000000000000000001100000000000000000111000000000000000000000000000
000000000000000000000000000000000110000000000111000000000000000000000000000000000000000000000000000000000000000000000000000000000001110000000000000000011000000000000000000000000000
000000000000000000000000000000001110000000000111000000000000000000000000000000000000000000000000000000000000000000000000000000000001110000000000000000011100000000000000000000000000
000000000000000000000000000000001100000000001110000000000000000000000000000000000000000000000000000000000000000000000000000000000000111000000000000000001100000000000000000000000000
000000000000000000000000000000011100000000001110000000000000000000000000000000000000000000000000000000000000000000000000000000000000111000000000000000001100000000000000000000000000
000000000000000000000000000000011000000000001100000000000000000000000000000000000000000000000000000000000000000000000000000000000000011000000000000000001100000000000000000000000000
000000000000000000000000000000011000000000011100000000000000000000000000000000000000000000000000000000000000000000000000000000000000011100000000000000001100000000000000000000000000
000000000000000000000000000000011000000000011100000000000000000000000000000000000000000000000000000000000000000000000000000000000000011100000000000000001100000000000000000000000000
000000000000000000000000000000111000000000111000000000000000000000000000000000000000000000000000000000000000000000000000000000000000001110000000000000001100000000000000000000000000
000000000000000000000000000000110000000001110000000000000000000000000000000000000000000000000000000000000000000000000000000000000000000111000000000000001100000000000000000000000000
000000000000000000000000000000110000000001110000000000000000000000000000000000000000000000000000000000000000000000000000000000000000000111000000000000001100000000000000000000000000
000000000000000000000000000000110000000011100000000000000000000000000000000000000000000000000000000000000000000000000000000000000000000011100000000000001100000000000000000000000000
000000000000000000000000000001110000000011000000000000000000000000000000000000000000000000000000000000000000000000000000000000000000000001100000000000001100000000000000000000000000
000000000000000000000000000001100000000011000000000000000000000000000000000000000000000000000000000000000000000000000000000000000000000001100000000000001100000000000000000000000000
000000000000000000000000000011100000000011000000000000000000000000000000000000000000000000000000000000000000000000000000000000000000000001110000000000001100000000000000000000000000
000000000000000000000000000011100000000111000000000000000000000000000000000000000000000000000000000000000000000000000000000000000000000000110000000000001100000000000000000000000000
000000000000000000000000000011000000000110000000000000000000000000000000000000000000000000000000000000000000000000000000000000000000000000110000000000001100000000000000000000000000
000000000000000000000000000011000000000110000000000000000000000000000000000000000000000000000000000000000000000000000000000000000000000000111000000000001100000000000000000000000000
000000000000000000000000000011000000000110000000000000000000000000000000000000000000000000000000000000000000000000000000000000000000000000011000000000001100000000000000000000000000
000000000000000000000000000011000000000110000000000000000000000000000000000000000000000000000000000000000000000000000000000000000000000000011000000000001100000000000000000000000000
000000000000000000000000000011000000000110000000000000000000000000000000000000000000000000000000000000000000000000000000000000000000000000011000000000001100000000000000000000000000
000000000000000000000000000011000000001110000000000000000000000000000000000000000000000000000000000000000000000000000000000000000000000000011000000000001100000000000000000000000000
000000000000000000000000000011000000001100000000000000000000000000000000000000000000000000000000000000000000000000000000000000000000000000011100000000001100000000000000000000000000
000000000000000000000000000111000000011100000000000000000000000000000000000000000000000000000000000000000000000000000000000000000000000000001100000000001100000000000000000000000000
000000000000000000000000001111000000011100000000000000000000000000000000000000000000000000000000000000000000000000000000000000000000000000001100000000001100000000000000000000000000
000000000000000000000000011110000000011000000000000000000000000000000000000000000000000000000000000000000000000000000000000000000000000000001100000000001100000000000000000000000000
000000000000000000000000011100000000011000000000000000000000000000000000000000000000000000000000000000000000000000000000000000000000000000001100000000001100000000000000000000000000
000000000000000000000000011000000000011000000000000000000000000000000000000000000000000000000000000000000000000000000000000000000000000000001100000000001100000000000000000000000000
000000000000000000000000111000000000011000000000000000000000000000000000000000000000000000000000000000000000000000000000000000000000000000001100000000001110000000000000000000000000
000000000000000000000000111000000000011000000000000000000000000000000000000000000000000000000000000000000000000000000000000000000000000000001100000000001110000000000000000000000000
000000000000000000000000110000000000011000000000000000000000000000000000000000000000000000000000000000000000000000000000000000000000000000001110000000000110000000000000000000000000
000000000000000000000000110000000000011000000000000000000000000000000000000000000000000000000000000000000000000000000000000000000000000000000111000000000110000000000000000000000000
000000000000000000000000110000000000011000000000000000000000000000000000000000000000000000000000000000000000000000000000000000000000000000000111000000000111000000000000000000000000
000000000000000000000000110000000000011000000000000000000000000000000000000000000000000000000000000000000000000000000000000000000000000000000011000000000111000000000000000000000000
000000000000000000000000110000000000011000000000000000000000000000000000000000000000000000000000000000000000000000000000000000000000000000000011000000000011000000000000000000000000
000000000000000000000000111000000000011000000000000000000000000000000000000000000000000000000000000000000000000000000000000000000000000000000011000000000011000000000000000000000000
000000000000000000000000011000000000011000000000000000000000000000000000000000000000000000000000000000000000000000000000000000000000000000000011100000000011000000000000000000000000
000000000000000000000000011000000000011000000000000000000000000000000000000000000000000000000000000000000000000000000000000000000000000000000001100000000011000000000000000000000000
000000000000000000000000011000000000011000000000000000000000000000000000000000000000000000000000000000000000000000000000000000000000000000000001100000000011000000000000000000000000
000000000000000000000000011000000000011000000000000000000000000000000000000000000000000000000000000000000000000000000000000000000000000000000001100000000011000000000000000000000000
000000000000000000000000011000000000011000000000000000000000000000000000000000000000000000000000000000000000000000000000000000000000000000000001100000000011000000000000000000000000
000000000000000000000000011000000000011000000000000000000000000000000000000000000000000000000000000000000000000000000000000000000000000000000001100000000011000000000000000000000000
000000000000000000000000011000000000011000000000000000000000000000000000000000000000000000000000000000000000000000000000000000000000000000000001100000000011000000000000000000000000
000000000000000000000000011000000000111000000000000000000000000000000000000000000000000000000000000000000000000000000000000000000000000000000001100000000111000000000000000000000000
000000000000000000000000011000000000110000000000000000000000000000000000000000000000000000000000000000000000000000000000000000000000000000000001100000000110000000000000000000000000
000000000000000000000000111000000000110000000000000000000000000000000000000000000000000000000000000000000000000000000000000000000000000000000001100000000110000000000000000000000000
000000000000000000000000111000000000110000000000000000000000000000000000000000000000000000000000000000000000000000000000000000000000000000000001100000000110000000000000000000000000
000000000000000000000000110000000001110000000000000000000000000000000000000000000000000000000000000000000000000000000000000000000000000000000001100000000110000000000000000000000000
000000000000000000000000000000000001100000000000000000000000000000000000000000000000000000000000000000000000000000000000000000000000000000000001100000000000000000000000000000000000
000000000000000000000000000000000011100000000000000000000000000000000000000000000000000000000000000000000000000000000000000000000000000000000001100000000000000000000000000000000000
000000000000000000000000000000000011100000000000000000000000000000000000000000000000000000000000000000000000000000000000000000000000000000000001100000000000000000000000000000000000
000000000000000000000000000000000011100000000000000000000000000000000000000000000000000000000000000000000000000000000000000000000000000000000001100000000000000000000000000000000000
000000000000000000000000000000000011000000000000000000000000000000000000000000000000000000000000000000000000000000000000000000000000000000000001100000000000000000000000000000000000
000000000000000000000000000000000011000000000000000000000000000000000000000000000000000000000000000000000000000000000000000000000000000000000001100000000000000000000000000000000000
000000000000000000000000000000000010000000000000000000000000000000000000000000000000000000000000000000000000000000000000000000000000000000000000100000000000000000000000000000000000
000000000000000000000000000000000000000000000000000000000000000000000000000000000000000000000000000000000000000000000000000000000000000000000000000000000000000000000000000000000000
000000000000000000000000000000000000000000000000000000000000000000000000000000000000000000000000000000000000000000000000000000000000000000000000000000000000000000000000000000000000
000000000000000000000000000000000000000000000000000000000000000000000000000000000000000000000000000000000000000000000000000000000000000000000000000000000000000000000000000000000000
000000000000000000000000000000000000000000000000000000000000000000000000000000000000000000000000000000000000000000000000000000000000000000000000000000000000000000000000000000000000
000000000000000000000000000000000000000000000000000000000000000000000000000000000000000000000000000000000000000000000000000000000000000000000000000000000000000000000000000000000000
000000000000000000000000000000000000000000000000000000000000000000000000000000000000000000000000000000000000000000000000000000000000000000000000000000000000000000000000000000000000
000000000000000000000000000000000000000000000000000000000000000000000000000000000000000000000000000000000000000000000000000000000000000000000000000000000000000000000000000000000000
000000000000000000000000000000000000000000000000000000000000000000000000000000000000000000000000000000000000000000000000000000000000000000000000000000000000000000000000000000000000
000000000000000000000000000000000000000000000000000000000000000000000000000000000000000000000000000000000000000000000000000000000000000000000000000000000000000000000000000000000000
000000000000000000000000000000000000000000000000000000000000000000000000000000000000000000000000000000000000000000000000000000000000000000000000000000000000000000000000000000000000
000000000000000000000000000000000000000000000000000000000000000000000000000000000000000000000000000000000000000000000000000000000000000000000000000000000000000000000000000000000000
000000000000000000000000000000000000000000000000000000000000000000000000000000000000000000000000000000000000000000000000000000000000000000000000000000000000000000000000000000000000
000000000000000000000000000000000000000000000000000000000000000000000000000000000000000000000000000000000000000000000000000000000000000000000000000000000000000000000000000000000000
000000000000000000000000000000000000000000000000000000000000000000000000000000000000000000000000000000000000000000000000000000000000000000000000000000000000000000000000000000000000
000000000000000000000000000000000000000000000000000000000000000000000000000000000000000000000000000000000000000000000000000000000000000000000000000000000000000000000000000000000000
000000000000000000000000000000000000000000000000000000000000000000000000000000000000000000000000000000000000000000000000000000000000000000000000000000000000000000000000000000000000
000000000000000000000000000000000000000000000000000000000000000000000000000000000000000000000000000000000000000000000000000000000000000000000000000000000000000000000000000000000000
000000000000000000000000000000000000000000000000000000000000000000000000000000000000000000000000000000000000000000000000000000000000000000000000000000000000000000000000000000000000
000000000000000000000000000000000000000000000000000000000000000000000000000000000000000000000000000000000000000000000000000000000000000000000000000000000000000000000000000000000000
000000000000000000000000000000000000000000000000000000000000000000000000000000000000000000000000000000000000000000000000000000000000000000000000000000000000000000000000000000000000
000000000000000000000000000000000000000000000000000000000000000000000000000000000000000000000000000000000000000000000000000000000000000000000000000000000000000000000000000000000000
000000000000000000000000000000000000000000000000000000000000000000000000000000000000000000000000000000000000000000000000000000000000000000000000000000000000000000000000000000000000
000000000000000000000000000000000000000000000000000000000000000000000000000000000000000000000000000000000000000000000000000000000000000000000000000000000000000000000000000000000000
000000000000000000000000000000000000000000000000000000000000000000000000000000000000000000000000000000000000000000000000000000000000000000000000000000000000000000000000000000000000
000000000000000000000000000000000000000000000000000000000000000000000000000000000000000000000000000000000000000000000000000000000000000000000000000000000000000000000000000000000000
000000000000000000000000000000000000000000000000000000000000000000000000000000000000000000000000000000000000000000000000000000000000000000000000000000000000000000000000000000000000
000000000000000000000000000000000000000000000000000000000000000000000000000000000000000000000000000000000000000000000000000000000000000000000000000000000000000000000000000000000000
000000000000000000000000000000000000000000000000000000000000000000000000000000000000000000000000000000000000000000000000000000000000000000000000000000000000000000000000000000000000
000000000000000000000000000000000000000000000000000000000000000000000000000000000000000000000000000000000000000000000000000000000000000000000000000000000000000000000000000000000000
000000000000000000000000000000000000000000000000000000000000000000000000000000000000000000000000000000000000000000000000000000000000000000000000000000000000000000000000000000000000
000000000000000000000000000000000000000000000000000000000000000000000000000000000000000000000000000000000000000000000000000000000000000000000000000000000000000000000000000000000000
000000000000000000000000000000000000000000000000000000000000000000000000000000000000000000000000000000000000000000000000000000000000000000000000000000000000000000000000000000000000
000000000000000000000000000000000000000000000000000000000000000000000000000000000000000000000000000000000000000000000000000000000000000000000000000000000000000000000000000000000000
000000000000000000000000000000000000000000000000000000000000000000000000000000000000000000000000000000000000000000000000000000000000000000000000000000000000000000000000000000000000
000000000000000000000000000000000000000000000000000000000000000000000000000000000000000000000000000000000000000000000000000000000000000000000000000000000000000000000000000000000000
000000000000000000000000000000000000000000000000000000000000000000000000000000000000000000000000000000000000000000000000000000000000000000000000000000000000000000000000000000000000
000000000000000000000000000000011100000000000000000000000000000000000000000000000000000000000000000000000000000000000000000000000000000000000000000110000000000000000000000000000000
000000000000000000000000000000011100000000000000000000000000000000000000000000000000000000000000000000000000000000000000000000000000000000000000000110000000000000000000000000000000
000000000000000000000000000000011000000000000000000000000000000000000000000000000000000000000000000000000000000000000000000000000000000000000000000111000000000000000000000000000000
000000000000000000000000000000111000000000000000000000000000000000000000000000000000000000000000000000000000000000000000000000000000000000000000000011000000000000000000000000000000
000000000000000000000000000001110000000000000000000000000000000000000000000000000000000000000000000000000000000000000000000000000000000000000000000011000000000000000000000000000000
000000000000000000000000000011100000000000000000000000000000000000000000000000000000000000000000000000000000000000000000000000000000000000000000000011000000000000000000000000000000
000000000000000000000000000011000000000000000000000000000000000000000000000000000000000000000000000000000000000000000000000000000000000000000000000011100000000000000000000000000000
000000000000000000000000000111000000000000000000000000000000000000000000000000000000000000000000000000000000000000000000000000000000000000000000000001100000000000000000000000000000
000000000000000000000000001110000000000000000000000000000000000000000000000000000000000000000000000000000000000000000000000000000000000000000000000001100000000000000000000000000000
000000000000000000000000011100000000000000000000000000000000000000000000000000000000000000000000000000000000000000000000000000000000000000000000000001100000000000000000000000000000
000000000000000000000000011000000000000000000000000000000000000000000000000000000000000000000000000000000000000000000000000000000000000000000000000001100000000000000000000000000000
000000000000000000000000111000000000000000000000000000000000000000000000000000000000000000000000000000000000000000000000000000000000000000000000000001100000000000000000000000000000
000000000000000000000000110000000000000000000000000000000000000000000000000000000000000000000000000000000000000000000000000000000000000000000000000001100000000000000000000000000000
000000000000000000000000110000000000000000000000000000000000000000000000000000000000000000000000000000000000000000000000000000000000000000000000000001110000000000000000000000000000
000000000000000000000001110000000000000000000000000000000000000000000000000000000000000000000000000000000000000000000000000000000000000000000000000000110000000000000000000000000000
000000000000000000000001100000000000000000000000000000000000000000000000000000000000000000000000000000000000000000000000000000000000000000000000000000110000000000000000000000000000
000000000000000000000011100000000000000000000000000000000000000000000000000000000000000000000000000000000000000000000000000000000000000000000000000011110000000000000000000000000000
000000000000000000000011100000000000000000000000000000000000000000000000000000000000000000000000000000000000000000000000000000000000000000000000000011110000000000000000000000000000
000000000000000000000011000000000000000000000000000000000000000000000000000000000000000000000000000000000000000000000000000000000000000000000000000011110000000000000000000000000000
000000000000000000000011000000000000000000000000000000000000000000000000000000000000000000000000000000000000000000000000000000000000000000000000000011110000000000000000000000000000
000000000000000000000011100000000000000000000000000000000000000000000000000000000000000000000000000000000000000000000000000000000000000000000000000011110000000000000000000000000000
000000000000000000000001100000000000000000000000000000000000000000000000000000000000000000000000000000000000000000000000000000000000000000000000000011000000000000000000000000000000
000000000000000000000001100000000000000000000000000000000000000000000000000000000000000000000000000000000000000000000000000000000000000000000000000011100000000000000000000000000000
000000000000000000000001100000000000000000000000000000000000000000000000000000000000000000000000000000000000000000000000000000000000000000000000000001100000000000000000000000000000
000000000000000000000001100000000000000000000000000000000000000000000000000000000000000000000000000000000000000000000000000000000000000000000000000001100000000000000000000000000000
000000000000000000000001100000000000000000000000000000000000000000000000000000000000000000000000000000000000000000000000000000000000000000000000000001100000000000000000000000000000
000000000000000000000001100000000000000000000000000000000000000000000000000000000000000000000000000000000000000000000000000000000000000000000000000001100000000000000000000000000000
000000000000000000000001110000000000000000000000000000000000000000000000000000000000000000000000000000000000000000000000000000000000000000000000000001100000000000000000000000000000
000000000000000000000000110000000000000000000000000000000000000000000000000000000000000000000000000000000000000000000000000000000000000000000000000001100000000000000000000000000000
000000000000000000000000110011100000000000000000000000000000000000000000000000000000000000000000000000000000000000000000000000000000000000000000000001100000000000000000000000000000
000000000000000000000000111011110000000000000000000000000000000000000000000000000000000000000000000000000000000000000000000000000000000000000000000001100000000000000000000000000000
000000000000000000000000011011110000000000000000000000000000000000000000000000000000000000000000000000000000000000000000000000000000000000000000000011100000000000000000000000000000
000000000000000000000000011011111000000000000000000000000000000000000000000000000000000000000000000000000000000000000000000000000000000000000000000001000000000000000000000000000000
000000000000000000000000011011011000000000000000000000000000000000000000000000000000000000000000000000000000000000000000000000000000000000000000000001000000000000000000000000000000
000000000000000000000000011111011100000000000000000000000000000000000000000000000000000000000000000000000000000000000000000000000011100000111111100111000000000000000000000000000000
000000000000000000000000001111011100000000000000000000000000000000000000000000000000000000000000000000000000000000000000000000000111100011111111111110000000000000000000000000000000
000000000000000000000000001111001110000000000000000000000000000000000000000000000000000000000000000000000000000000000000000000000001110111110001111110000000000000000000000000000000
000000000000000000000000000111000111000000000011111110000000000000000000000000000000000000000000000000000000000000000000000000000001111111000000000000000000000000000000000000000000
000000000000000000000000000000000111111111111111111110000000000000000000000000000000000000000000000000000000000000000000000000000000111110000000000000000000000000000000000000000000
000000000000000000000000000000000011111111111111111100000000000000000000000000000000000000000000000000000000000000000000000000000000000000000000000000000000000000000000000000000000
000000000000000000000000000000000000000000000000000000000000000000000000000000000000000000000000000000000000000000000000000000000000000000000000000000000000000000000000000000000000
000000000000000000000000000000000000000000000000000000000000000000000000000000000000000000000000000000000000000000000000000000000000000000000000000000000000000000000000000000000000
000000000000000000000000000000000000000000000000000000000000000000000000000000000000000000000000000000000000000000000000000000000000000000000000000000000000000000000000000000000000
000000000000000000000000000000000000000000000000000000000000000000000000000000000000000000000000000000000000000000000000000000000000000000000000000000000000000000000000000000000000
000000000000000000000000000000000000000000000000000000000000000000000000000000000000000000000000000000000000000000000000000000000000000000000000000000000000000000000000000000000000
000000000000000000000000000000000000000000000000000000000000000000000000000000000000000000000000000000000000000000000000000000000000000000000000000000000000000000000000000000000000
000000000000000000000000000000000000000000000000000000000000000000000000000000000000000000000000000000000000000000000000000000000000000000000000000000000000000000000000000000000000
000000000000000000000000000000000000000000000000000000000000000000000000000000000000000000000000000000000000000000000000000000000000000000000000000000000000000000000000000000000000
000000000000000000000000000000000000000000000000000000000000000000000000000000000000000000000000000000000000000000000000000000000000000000000000000000000000000000000000000000000000
000000000000000000000000000000000000000000000000000000000000000000000000000000000000000000000000000000000000000000000000000000000000000000000000000000000000000000000000000000000000
000000000000000000000000000000000000000000000000000000000000000000000000000000000000000000000000000000000000000000000000000000000000000000000000000000000000000000000000000000000000
000000000000000000000000000000000000000000000000000000000000000000000000000000000000000000000000000000000000000000000000000000000000000000000000000000000000000000000000000000000000
000000000000000000000000000000000000000000000000000000000000000000000000000000000000000000000000000000000000000000000000000000000000000000000000000000000000000000000000000000000000
000000000000000000000000000000000000000000000000000000000000000000000000000000000000000000000000000000000000000000000000000000000000000000000000000000000000000000000000000000000000
000000000000000000000000000000000000000000000000000000000000000000000000000000000000000000000000000000000000000000000000000000000000000000000000000000000000000000000000000000000000
000000000000000000000000000000000000000000000000000000000000000000000000000000000000000000000000000000000000000000000000000000000000000000000000000000000000000000000000000000000000
000000000000000000000000000000000000000000000000000000000000000000000000000000000000000000000000000000000000000000000000000000000000000000000000000000000000000000000000000000000000
000000000000000000000000000000000000000000000000000000000000000000000000000000000000000000000000000000000000000000000000000000000000000000000000000000000000000000000000000000000000
000000000000000000000000000000000000000000000000000000000000000000000000000000000000000000000000000000000000000000000000000000000000000000000000000000000000000000000000000000000000
000000000000000000000000000000000000000000000000000000000000000000000000000000000000000000000000000000000000000000000000000000000000000000000000000000000000000000000000000000000000
000000000000000000000000000000000000000000000000000000000000000000000000000000000000000000000000000000000000000000000000000000000000000000000000000000000000000000000000000000000000
000000000000000000000000000000000000000000000000000000000000000000000000000000000000000000000000000000000000000000000000000000000000000000000000000000000000000000000000000000000000
000000000000000000000000000000000000000000000000000000000000000000000000000000000000000000000000000000000000000000000000000000000000000000000000000000000000000000000000000000000000
000000000000000000000000000000000000000000000000000000000000000000000000000000000000000000000000000000000000000000000000000000000000000000000000000000000000000000000000000000000000
000000000000000000000000000000000000000000000000000000000000000000000000000000000000000000000000000000000000000000000000000000000000000000000000000000000000000000000000000000000000
