0000000000000000000000000000000000000000000000000000000000000000000000000000000000000000000000000000000000000000000000000000000000000000000000000000000000000000000000000000000000000
0000000000000000000000000000000000000000000000000000000000000000000001111111111111111100000000000000000000000000000000000000000000000000000000000000000000000000000000000000000000000
0000000000000000000000000000000000000000000000000000000000000000000111111111111111111111000000000000000000000000000000000000000000000000000000000000000000000000000000000000000000000
0000000000000000000000000000000000000000000000000000000000000000011111100000000000001111110000000000000000000000000000000000000000000000000000000000000000000000000000000000000000000
0000000000000000000000000000000000000000000000000000000000000001111100000000000000000011111000000000000000000000000000000000000000000000000000000000000000000000000000000000000000000
0000000000000000000000000000000000000000000000000000000000000111110000000000000000000000111110000000000000000000000000000000000000000000000000000000000000000000000000000000000000000
0000000000000000000000000000000000000000000000000000000000011111000000000000000000000000001111110000000000000000000000000000000000000000000000000000000000000000000000000000000000000
0000000000000000000000000000000000000000000000000000000011111100000000000000000000000000000011111111111111111111110000000000000000000000000000000000000000000000000000000000000000000
0000000000000000000000000000000000000000000000000000001111111000000000000000000000000000000000111111111111111111111100000000000000000000000000000000000000000000000000000000000000000
0000000000000000000000000000000000000000000000000000111111000000000000000000000000000000000000000000000000000000111110000000000000000000000000000000000000000000000000000000000000000
0000000000000000000000000000000000000000000000000111111000000000000000000000000000000000000000000000000000000000001111100000000000000000000000000000000000000000000000000000000000000
0000000000000000000000000000000000000000000000001111100000000000000000000000000000000000000000000000000000000000000111111110000000000000000000000000000000000000000000000000000000000
0000000000000000000000000000000000000000000001111110000000000000000000000000000000000000000000000000000000000000000000111111111100000000000000000000000000000000000000000000000000000
0000000000000000000000000000000000000000001111111000000000000000000000000000000000000000000000000000000000000000000000000011111111110000000000000000000000000000000000000000000000000
0000000000000000000000000000000000001111111111100000000000000000000000000000000000000000000000000000000000000000000000000000001111111111000000000000000000000000000000000000000000000
0000000000000000000000000000000001111111111100000000000000000000000000000000000000000000000000000000000000000000000000000000000000011111111000000000000000000000000000000000000000000
0000000000000000000000000000000011111000000000000000000000000000000000000000000000000000000000000000000000000000000000000000000000000011111110000000000000000000000000000000000000000
0000000000000000000000000000001111100000000000000000000000000000000000000000000000000000000000000000000000000000000000000000000000000000001111000000000000000000000000000000000000000
0000000000000000000000000000011110000000000000000000000000000000000000000000000000000000000000000000000000000000000000000000000000000000000011110000000000000000000000000000000000000
0000000000000000000000000001111100000000000000000000000000000000000000000000000000000001111111111100000000000000000000000000000000000000000001111100000000000000000000000000000000000
0000000000000000000000000011110000000000000000000000000000000000000000000000000000001111111111111100000000000000000000000000000000000000000000111110000000000000000000000000000000000
0000000000000000000000000011100000000000000000000000000000000000000000000000000000111111100000001110000000000000000000000000000000000000000000001111000000000000000000000000000000000
0000000000000000000000000111000000000000000000000000000000000000000000000000000001111000000000001110000000000000000000000000000000000000000000000111100000000000000000000000000000000
0000000000000000000000001110000000000000000000000000000000000000000000000000000011110000000000000111000000000000000000000000000000000000000000000011111000000000000000000000000000000
0000000000000000000000001100000000000000000000000000000000000000000000000000000111000000000000000011100000000000000000000000000000000000000000000001111100000000000000000000000000000
0000000000000000000000011100000000000000000000000000000000000000000000000000000111000000000000000001110000000000000000000000000000000000000000000000011100000000000000000000000000000
0000000000000000000000111000000000000000000000000000000000000000111110000000001110000000000000000001110000000000000000000000000000000000000000000000001111000000000000000000000000000
0000000000000000000000110000000000000000000000000000000000011111111111100000001110000000000000000000111000000000000000000000000000000000000000000000000111111000000000000000000000000
0000000000000000000001110000000000000000000000000000000011111111100011110000001100000000000000000000111000000000000000000000000000000000000000000000000011111110000000000000000000000
0000000000000000000001100000000000000000000000000000001111111000000001110000011100000000000000000000011100000000000000000000000000000000000000000000000000001111100000000000000000000
0000000000000000000001100000000000000000000000000000001111000000000000110000011100000000000000000000011100000000000000000000000000000000000000000000000000000111110000000000000000000
0000000000000000000001100000000000000000000000000000011100000000000000111000011000000000000000000000001110000000000000000000000000000000000000000000000000000001110000000000000000000
0000000000000000000001100000000000000000000000000000111100000000000000111000011000000000000000000000001110000000000000000000000000000000000000000000000000000000110000000000000000000
0000000000000000000001100000000000000000000000000000111000000000000000011100011000000000000000000000000111000000000000000000000000000000000000000000000000000001111000000000000000000
0000000000000000000001100000000000000000000000000000110000000000000000011100011000000000000000000000000011100000000000000011100000000000000000000000000000000001111000000000000000000
0000000000000000000001100000000000000000000000000000110000000000000000001110011000000000000000000000000011110000000000000011100000000000000000000000000000000000011000000000000000000
0000000000000000000001110000000000000000000000000001110000000000000000001111011000000000000000000000000001111000000000000011110000000000000000000000000000000000011000000000000000000
0000000000000000000001110000000000000000000001111111100000000000000000000111111100000000000000000000000000111100000000000011111000000000000000000000000000000000011000000000000000000
0000000000000000000000110000000000000000111111111111100000000000000000000001111100000000000000000000000000011111000000000011111100000000000000000000000000000000011000000000000000000
0000000000000000000000110000000000000011111111100000000000000000000000000001111100000000000000000000000000000111110000000001111111000000000000000000000000000000011000000000000000000
0000000000000000000001110000000000000111100000000000000000000000000000000000011100000000000000000000000000000011111100000001111111111000111000000000000000000000011000000000000000000
0000000000000000000001100000000000001111000000000000000000000000000000000000000000000000000000000000000000000000111110000000111111111111111000000000000000000000011000000000000000000
0000000000000000000011100000000000011110000000000000000000000000000000000000000000000000000000000000000000000000001111111100111110011111111000000000000000000000011000000000000000000
0000000000000000000011100000000000011100000000000000000000000000000000000000000000000000000000000000000000000000000011111111111110000000011100000000000000000000011000000000000000000
0000000000000000000011000000000000111000000000000000000000000000000000000000000000000000000000000000000000000000000000001111111110000000011100000000000000000000011100000000000000000
0000000000000000000011000000000001110000000000000000000000000000000000000000000000000000000000000000000000000000000000000000000000000000001100000000000000000000001100000000000000000
0000000000000000000011000000000001110000000000000000000000000000000000000000000000000000000000000000000000000000000000000000000000000000001100000000000000000000001100000000000000000
0000000000000000000011000000000011100000000000000000000000000000000000000000000000000000000000000000000000000000000000000000000000000000001110000000000000000000001100000000000000000
0000000000000000000011000000000011100000000000000000000000000000000000000000000000000000000000000000000000000000000000000000000000000000000111100000000000000000001100000000000000000
0000000000000000000011000000000111000000000000000000000000000000000000000000000000000000000000000000000000000000000000000000000000000000000111111100000000000000001110000000000000000
0000000000000000000011000000001111000000000000000000000000000000000000000000000000000000000000000000000000000000000000000000000000000000000001111111100000000000001110000000000000000
0000000000000000000011000000011110000000000000000000000000000000000000000000000000000000000000000000000000000000000000000000000000000000000000000111111100000000000110000000000000000
0000000000000000000011000000011100000000000000000000000000000000000000000000000000000000000000000000000000000000000000000000000000000000000000000000111111000000000110000000000000000
0000000000000000000011000000111000000000000000000000000000000000000000000000000000000000000000000000000000000000000000000000000000000000000000000000001111111000000110000000000000000
0000000000000000000011000001111000000000000000000000000000000000000000000000000000000000000000000000000000000000000000000000000000000000000000000000000001111100000110000000000000000
0000000000000000000011000001110000000000000000000000000000000000000000000000000000000000000000000000000000000000000000000000000000000000000000000000000000011110000110000000000000000
0000000000000000000011000011100000000000000000000000000000000000000000000000000000000000000000000000000000000000000000000000000000000000000000000000000000001110000110000000000000000
0000000000000000000111000111000000000000000000000000000000000000000000000000000000000000000000000000000000000000000000000000000000000000000000000000000000000110000110000000000000000
0000000000000000000111001111000000000000000000000000000000000000000000000000000000000000000000000000000000000000000000000000000000000000000000000000000000000111000110000000000000000
0000000000000000000110011110000000000000000000000000000000000000000000000000000000000000000000000000000000000000000000000000000000000000000000000000000000000111000110000000000000000
0000000000000000000110011100000000000000000000000000000000000000000000000000000000000000000000000000000000000000000000000000000000000000000000000000000000000011000110000000000000000
0000000000000000000110111000000000000000000000000000000000000000000000000000000000000000000000000000000000000000000000000000000000000000000000000000000000000011000110000000000000000
0000000000000000000110110000000000000000000000000000000000000000000000000000000000000000000000000000000000000000000000000000000000000000000000000000000000000011000110000000000000000
0000000000000000000111110000000000000000000000000000000000000000000000000000000000000000000000000000000000000000000000000000000000000000000000000000000000000011000110000000000000000
0000000000000000000111110000000000000000000000000000000000000000000000000000000000000000000000000000000000000000000000000000000000000000000000000000000000000011000110000000000000000
0000000000000000000111100000000000000000000000000000111111111111111110000000000000000000000000000000000000000000011111111111111111000000000000000000000000000011001110000000000000000
0000000000000000000011100000000000000000000001111111111111111111111111110000000000000000000000000000000000000011111111111111111111111111100000000000000000000011011110000000000000000
0000000000000000000011100000000000000000001111111111111111111111111111110000000000000000000000000000000000000011111111111111111111111111111100000000000000000011111100000000000000000
0000000000000000000011100000000000000000111111111111111111111111111111110000000000000000000000000000000000000011111111111111111111111111111111000000000000000011111000000000000000000
0000000000111100000011100000000000000011111111111111111111111111111111110000000000000000000000000000000000000011111111111111111111111111111111110000000000000011110000001111000000000
0000000001111111000011100000000000000111111111111111111111111111111111111000000000000000000000000000000000000111111111111111111111111111111111111000000000000011110000111111100000000
0000000001111111100011100000000000011111111111111111111111000000001111111000000000000000000000000000000000000111111100000000111111111111111111111110000000000011110001111111100000000
0000000011100011110011000000000000111111111111111111100000000000000001111000000000000000000000000000000000000111100000000000000001111111111111111111000000000011110011110001110000000
0000000011100000111111000000000001111111111111110000000000000000000000011000000000000000000000000000000000000110000000000000000000000011111111111111100000000011111111000001110000000
0000000111000000011111000000000001111111111100000000000000000000000000000000000000000000000000000000000000000000000000000000000000000000001111111111100000000011111110000000111000000
0000000111001110000111000000000000000000000000000000000000000000000000000000000000000000000000000000000000000000000000000000000000000000000000000000000000000000111000011100111000000
0000000110001111000011000000000000000000000000000000000000000000000000000000000000000000000000000000000000000000000000000000000000000000000000000000000000000000110000111100011000000
0000001110001111100011000000000000000000000000000000000000000000000000000000000000000000000000000000000000000000000000000000000000000000000000000000000000000000110001111100011100000
0000001110001101100011000000000000000000000000000000000000000000000000000000000000000000000000000000000000000000000000000000000000000000000000000000000000000000110001101100011100000
0000011100001101110011000000000000000000000000000000000111111111111111000000000000000000000000000000000000000000111111111111110000000000000000000000000000000000110011101100001110000
0000011100001100110111000000000000000000000000000000000111111111111111100000000000000000000000000000000000000001111111111111110000000000000000000000000000000000111011001100001110000
0000011000011100111111000000000000000000000000000000000000000000000011111100000000000000000000000000000000000011100000000000000000000000000000000000000000000000111111001110000110000
0000011000011000011110000000000000000000000000000111111111111111110000111111000000000000000000000000000000000111000001111111111111111100000000000000000000000000011110000110000110000
0000011000111000011110000000000000000000000000011111111111111111111111000111000000000000000000000000000000001110011111111111111111111111000000000000000000000000011110000111000110000
0000011000110000000110000000000000000000000001111111100111100111111111100000000000000000000000000000000000001100111111110011110001101111110000000000000000000000011000000011000110000
0000011000110000000110000000000000000000000111110001100111100011000011110000000000000000000000000000000000000001111000110011110001100001111100000000000000000000011000000011000110000
0000011000110000000110000000000000000000111111000001100111100011000000111000000000000000000000000000000000000011100000110011110001100000011111100000000000000000011000000011000110000
0000011000110000000110000000000000000011111110000001100111100111000000011100000000000000000000000000000000000111000000110011110001100000001111111000000000000000011000000011000110000
0000011000111000000110000000000000000111110000000001100111100111000000001110000000000000000000000000000000001110000000110011110001100000000001111100000000000000011000000111000110000
0000011100111000000111000000000000000111000000000001100111000110000000000110000000000000000000000000000000001100000000110001110011100000000000011100000000000000111000000111001110000
0000011110011000000111000000000000000000000000000001100000001110000000000000000000000000000000000000000000000000000000110000000011100000000000000000000000000000111000000110011110000
0000001110011100000111000000000000000011111000000001110000011110000000000000000000000000000000000000000000000000000000111000000111000000000011111000000000000000111000001110011100000
0000000111001100001111000000000000000011111111100001111111111100000000111110000000000000000000000000000000001111100000111100001111000000111111111000000000000000111100001100111000000
0000000011001110001111000000000000000000011111111000011111111000000111111110000000000000000000000000000000001111111100011111111110000011111111000000000000000000111100011100110000000
0000000011101110001111000000000000000000000001111111111111111111111111100000000000000000000000000000000000000000111111111111111111111111110000000000000000000000111100011101110000000
0000000001100110001111000000000000000000000000011111111111111111111110000000000000000000000000000000000000000000001111111111111111111111000000000000000000000000111100011001100000000
0000000001100111001111000000000000000000000000000000000000000000000000000000000000000000000000000000000000000000000000000000000000000000000000000000000000000000111100111001100000000
0000000001110011100111000000000000000000000000000000000000000000000000000000000000000000000000000000000000000000000000000000000000000000000000000000000000000000111001110011100000000
0000000000110011110011100000000000000000000000000000000000000000000000000000000000000000000000000000000000000000000000000000000000000000000000000000000000000001110011110011000000000
0000000000110001111011100000000000000000000000000000000000000000000000000000000000000000000000000000000000000000000000000000000000000000000000000000000000000001110111100011000000000
0000000000110000111001100000000000000000000000000000000000000000000000000000000000000000000000000000000000000000000000000000000000000000000000000000000000000001100111000011000000000
0000000000111000011001100000000000000000000000000000000000000000000000000000000000000000000000000000000000000000000000000000000000000000000000000000000000000001100110000111000000000
0000000000111000011101100000000000000000000000000000000000000000000000000000000000000000000000000000000000000000000000000000000000000000000000000000000000000001101110000111000000000
0000000000011000001111100000000000000000000000000000000000000000000000000000000000000000000000000000000000000000000000000000000000000000000000000000000000000001111100000110000000000
0000000000011000001111100000000000000000000000000000000000000000000000000000000000000000000000000000000000000000000000000000000000000000000000000000000000000001111100000110000000000
0000000000011100000001100000000000000000000000000000000000000000000000000000000000000000000000000000000000000000000000000000000000000000000000000000000000000001100000001110000000000
0000000000011100000001100000000000000000000000000000000000000000000000000000000000000000000000000000000000000000000000000000000000000000000000000000000000000001100000001110000000000
0000000000001110000001110000000000000000000000000000000000000000000000000000000000000000000000000000000000000000000000000000000000000000000000000000000000000011100000011100000000000
0000000000001110000001110000000000000000000000000000000000000000000000000000000000000000000000000000000000000000000000000000000000000000000000000000000000000011100000011100000000000
0000000000000110000000110000000000000000000000000000000000000000000000000000000000000000000000000000000000000000000000000000000000000000000000000000000000000011000000011000000000000
0000000000000111000000110000000000000000000000000000000000000000000000000000000000000000000000000000000000000000000000000000000000000000000000000000000000000011000000111000000000000
0000000000000111000000110000000000000000000000000000000000000000000000000000000000000000000000000000000000000000000000000000000000000000000000000000000000000011000000111000000000000
0000000000000011110000110000000000000000000000000000000000000000000000000000000000000000000000000000000000000000000000000000000000000000000000000000000000000011000011110000000000000
0000000000000001111111110000000000000000000000000000000000000000000000000000000000000000000000000000000000000000000000000000000000000000000000000000000000000011111111100000000000000
0000000000000000111111110000000000000000000000000000000000000000000000000000000000000000000000000000000000000000000000000000000000000000000000000000000000000011111111000000000000000
0000000000000000000000110000000000000000000000000000000000000000000000000000000000000000000000000000000000000000000000000000000000000000000000000000000000000011000000000000000000000
0000000000000000000000110000000000000000000000000000000000000000000000000000000000000000000000000000000000000000000000000000000000000000000000000000000000000011000000000000000000000
0000000000000000000000110000000000000000000000000000000000000000000000000000000000000000000000000000000000000000000000000000000000000000000000000000000000000011000000000000000000000
0000000000000000000000110000000000000000000000000000000000000000000000000011000000000000000000000000000001100000000000000000000000000000000000000000000000000011000000000000000000000
0000000000000000000000111000000000000000000000000000000000000000000000001111000000000000000000000000000001110000000000000000000000000000000000000000000000000111000000000000000000000
0000000000000000000000011000000000000000000000000000000000000000000000011110000000000000000000000000000000111100000000000000000000000000000000000000000000000110000000000000000000000
0000000000000000000000011000000000000000000000000000000000000000000000011000000000000000000000000000000000011110000000000000000000000000000000000000000000000110000000000000000000000
0000000000000000000000011000000000000000000000000000000000000000000000011000000000000000000000000000000000001110000000000000000000000000000000000000000000000110000000000000000000000
0000000000000000000000011000000000000000000000000000000000000000000000011100011111110000000000000001111110000110000000000000000000000000000000000000000000000110000000000000000000000
0000000000000000000000011000000000000000000000000000000000000000000000001110011111111111000000000111111110011110000000000000000000000000000000000000000000000110000000000000000000000
0000000000000000000000011000000000000000000000000000000000000000000000001110001111111111110000111111111100111000000000000000000000000000000000000000000000000110000000000000000000000
0000000000000000000000011000000000000000000000000000000000000000000000000110000011000011111111111100000000110000000000000000000000000000000000000000000000000110000000000000000000000
0000000000000000000000011000000000000000000000000000000000000000000000000000000000000000011111110000000000000000000000000000000000000000000000000000000000000110000000000000000000000
0000000000000000000000011000000000000000000000000000000000000000000000000000000000000000000000000000000000000000000000000000000000000000000000000000000000000110000000000000000000000
0000000000000000000000011000000000000000000000000000000000000000000000000000000000000000000000000000000000000000000000000000000000000000000000000000000000000110000000000000000000000
0000000000000000000000011000000000000000000000000000000000000000000000000000000000000000000000000000000000000000000000000000000000000000000000000000000000000110000000000000000000000
0000000000000000000000011000000000000000000000000000000000000000000000000000000000000000000000000000000000000000000000000000000000000000000000000000000000000110000000000000000000000
0000000000000000000000011000000000000000000000000000000000000000000000000000000000000000000000000000000000000000000000000000000000000000000000000000000000000110000000000000000000000
0000000000000000000000011000000000000000000000000000000000000000000000000000000000000000000000000000000000000000000000000000000000000000000000000000000000000110000000000000000000000
0000000000000000000000011000000000000000000000000000000000000000000000000000000000000000000000000000000000000000000000000000000000000000000000000000000000000110000000000000000000000
0000000000000000000000011000000000000000000000000000000000000000000000000000000000000000000000000000000000000000000000000000000000000000000000000000000000000110000000000000000000000
0000000000000000000000011100000000000000000000000000000000000000000000000000000000000000000000000000000000000000000000000000000000000000000000000000000000001110000000000000000000000
0000000000000000000000011100000000000000000000000000000000000000000000000000000000000000000000000000000000000000000000000000000000000000000000000000000000001110000000000000000000000
0000000000000000000000001100000000000000000000000000000000000000000000000000000000000000000000000000000000000000000000000000000000000000000000000000000000001100000000000000000000000
0000000000000000000000001110000000000000000000000000000000000000000000000000001111100000000000000111110000000000000000000000000000000000000000000000000000011100000000000000000000000
0000000000000000000000001111000000000000000000000000000000000000000000000001111111111100000000111111111110000000000000000000000000000000000000000000000000111100000000000000000000000
0000000000000000000000000111000000000000000000000000000000000000000000000001111101111111111111111110111110000000000000000000000000000000000000000000000000111000000000000000000000000
0000000000000000000000000011100000000000000000000000000000000000000000000111100000000111111111100000000111100000000000000000000000000000000000000000000001110000000000000000000000000
0000000000000000000000000001110000000000000000000000000000000000000000011111000000000000000000000000000011111000000000000000000000000000000000000000000011100000000000000000000000000
0000000000000000000000000001111000000000000000000000000000000000000000111100000000000000000000000000000000111100000000000000000000000000000000000000000111100000000000000000000000000
0000000000000000000000000000111100000000000000000000000000000011111111111100000000000000000000000000000000111111111111000000000000000000000000000000001111000000000000000000000000000
0000000000000000000000000000011110000000000000000000000000000011111111111111111111111111111111111111111111111111111111000000000000000000000000000000011110000000000000000000000000000
0000000000000000000000000000001110000000000000000000000000000000000000001111111111111111111111111111111111110000000000000000000000000000000000000000011100000000000000000000000000000
0000000000000000000000000000000111100000000000000000000000000000000000000000000000000000000000000000000000000000000000000000000000000000000000000001111000000000000000000000000000000
0000000000000000000000000000000011100000000000000000000000000000000000000000000000000000000000000000000000000000000000000000000000000000000000000001110000000000000000000000000000000
0000000000000000000000000000000001110000000000000000000000000000000000000000000000000000000000000000000000000000000000000000000000000000000000000011100000000000000000000000000000000
0000000000000000000000000000000001111000000000000000000000000000000000000111000000000000000000000000000011100000000000000000000000000000000000000111100000000000000000000000000000000
0000000000000000000000000000000000011100000000000000000000000000000000000111111000000000000000000000011111100000000000000000000000000000000000001110000000000000000000000000000000000
0000000000000000000000000000000000001110000000000000000000000000000000000001111110000000000000000001111110000000000000000000000000000000000000011100000000000000000000000000000000000
0000000000000000000000000000000000000111000000000000000000000000000000000000001111100000000000000111110000000000000000000000000000000000000000111000000000000000000000000000000000000
0000000000000000000000000000000000000111110000000000000000000000000000000000000111111111111111111111100000000000000000000000000000000000000011111000000000000000000000000000000000000
0000000000000000000000000000000000000001111000000000000000000000000000000000000001111111111111111110000000000000000000000000000000000000000111100000000000000000000000000000000000000
0000000000000000000000000000000000000000111110000000000000000000000000000000000000000000000000000000000000000000000000000000000000000000011111000000000000000000000000000000000000000
0000000000000000000000000000000000000000011111000000000000000000000000000000000000000000000000000000000000000000000000000000000000000000111110000000000000000000000000000000000000000
0000000000000000000000000000000000000000000111100000000000000000000000000000000000000000000000000000000000000000000000000000000000000001111000000000000000000000000000000000000000000
0000000000000000000000000000000000000000000011110000000000000000000000000000000000000000000000000000000000000000000000000000000000000011110000000000000000000000000000000000000000000
0000000000000000000000000000000000000000000001111100000000000000000000000000000000000000000000000000000000000000000000000000000000001111100000000000000000000000000000000000000000000
0000000000000000000000000000000000000000000000011111000000000000000000000000000000000000000000000000000000000000000000000000000000111110000000000000000000000000000000000000000000000
0000000000000000000000000000000000000000000000000111100000000000000000000000000000000000000000000000000000000000000000000000000001111000000000000000000000000000000000000000000000000
0000000000000000000000000000000000000000000000000011111000000000000000000000000000000000000000000000000000000000000000000000000111110000000000000000000000000000000000000000000000000
0000000000000000000000000000000000000000000000000000111100000000000000000000000000000000000000000000000000000000000000000000001111000000000000000000000000000000000000000000000000000
0000000000000000000000000000000000000000000000000000011111000000000000000000000000000000000000000000000000000000000000000000111110000000000000000000000000000000000000000000000000000
0000000000000000000000000000000000000000000000000000000111100000000000000000000000000000000000000000000000000000000000000001111000000000000000000000000000000000000000000000000000000
0000000000000000000000000000000000000000000000000000000011110000000000000000000000000000000000000000000000000000000000000011110000000000000000000000000000000000000000000000000000000
0000000000000000000000000000000000000000000000000000000001111110000000000000000000000000000000000000000000000000000000011111100000000000000000000000000000000000000000000000000000000
0000000000000000000000000000000000000000000000000000000000011111100000000000000000000000000000000000000000000000000001111110000000000000000000000000000000000000000000000000000000000
0000000000000000000000000000000000000000000000000000000000000111110000000000000000000000000000000000000000000000000011111000000000000000000000000000000000000000000000000000000000000
0000000000000000000000000000000000000000000000000000000000000001111110000000000000000000000000000000000000000000011111100000000000000000000000000000000000000000000000000000000000000
0000000000000000000000000000000000000000000000000000000000000000011111100000000000000000000000000000000000000001111110000000000000000000000000000000000000000000000000000000000000000
0000000000000000000000000000000000000000000000000000000000000000000111111000000000000000000000000000000000000111111000000000000000000000000000000000000000000000000000000000000000000
0000000000000000000000000000000000000000000000000000000000000000000000111111000000000000000000000000000000111111000000000000000000000000000000000000000000000000000000000000000000000
0000000000000000000000000000000000000000000000000000000000000000000000011111111110000000000000000000011111111110000000000000000000000000000000000000000000000000000000000000000000000
0000000000000000000000000000000000000000000000000000000000000000000000000011111111111110000000011111111111110000000000000000000000000000000000000000000000000000000000000000000000000
0000000000000000000000000000000000000000000000000000000000000000000000000000000111111111111111111111111000000000000000000000000000000000000000000000000000000000000000000000000000000
0000000000000000000000000000000000000000000000000000000000000000000000000000000000000011111111110000000000000000000000000000000000000000000000000000000000000000000000000000000000000
0000000000000000000000000000000000000000000000000000000000000000000000000000000000000000000000000000000000000000000000000000000000000000000000000000000000000000000000000000000000000
