000000000000000000000000000000000000000000000000000000000000000000000000000000000000000000000000000000000000000000000000000000000000000000000000000000000000000000000000000000000000
000000000000000000000000000000000000000000000000000000000000000000000000000000000000000000000000000011111000000000000000000000000000000000000000000000000000000000000000000000000000
000000000000000000000000000000000000000000000000000000000000000000000000000000000000000000000000001111111110000000000000000000000000000000000000000000000000000000000000000000000000
000000000000000000000000000000000000000000000000000000000000000000000001111110111110000000001111111110011111100000000000000000000000000000000000000000000000000000000000000000000000
000000000000000000000000000000000000000000000000000000000000000000011111111110111111111111111111111000000111111100000000000000000000000000000000000000000000000000000000000000000000
000000000000000000000000000000000000000000000000000000000000001111111111000000000011111111111000000000000000111111110000000000000000000000000000000000000000000000000000000000000000
000000000000000000000000000000000000000000000000000000000001111111110000000000000000000000000000000000000000001111111110000000000000000000000000000000000000000000000000000000000000
000000000000000000000000000000000000000000000000000000111111111000000000000000000000000000000000000000000000000000011111111100000000000000000000000000000000000000000000000000000000
000000000000000000000000000000000000000000000000001111111111000000000000000000000000000000000000000000000000000000000011111111111110000000000000000000000000000000000000000000000000
000000000000000000000000000000000000000000000011111111100000000000000000000000000000000000000000000000000000000000000000000111111111111000000000000000000000000000000000000000000000
000000000000000000000000000000000000000000001111111000000000000000000000000000000000000000000000000000000000000000000000000000000011111111000000000000000000000000000000000000000000
000000000000000000000000000000000000000000001110000000000000000000000000000000001111100111110011111000000000000000000000000000000000011111110000000000000000000000000000000000000000
000000000000000000000000000000000000000000111100000000000000000000000000001111111111111111111111111111111000000000000000000000000000000011111100000000000000000000000000000000000000
000000000000000000000000000000000000000000111000000000000000000000000000111111111111111100011111111111111110000000000000000000000000000000111110000000000000000000000000000000000000
000000000000000000000000000000000000000001110000000000000000000000000011111000000000000000000000000000001111100000000000000000000000000000001111000000000000000000000000000000000000
000000000000000000000000000000000000000001100000000000000000000000011111100000000000000000000000000000000011111100000000000000000000000000000011110000000000000000000000000000000000
000000000000000000000000000000000000000001100000000000000000000011111110000000000000000000000000000000000000111111100000000000000000000000000001111000000000000000000000000000000000
000000000000000000000000000000000000000111100000000000000111111111110000000000000000000000000000000000000000000111111111110000000000000000000000111100000000000000000000000000000000
000000000000000000000000000000000000001111100000000001111111111110000000000000000000000000000000000000000000000000111111111111000000000000000000001110000000000000000000000000000000
000000000000000000000000000000000000011110000000000111111110111000000000000000000000000000000000000000000000000000001110111111110000000000000000000110000000000000000000000000000000
000000000000000000000000000000000000111000000000001111000000000000000000000000000000000000000000000000000000000000000000000001111000000000000000000111000000000000000000000000000000
000000000000000000000000000000000001110000000000011110000000000000000000000000000000000000000000000000000000000000000000000000111100000000000000000011100000000000000000000000000000
000000000000000000000000000000000011100000000001111000000000000000000000000000000000000000000000000000000000000000000000000000001111000000000000000001110000000000000000000000000000
000000000000000000000000000000000011000000000011110000000000000000000000000000000000000000000000000000000000000000000000000000000111100000000000000000110000000000000000000000000000
000000000000000000000000000000000111000000000011000000000000000000000000000000000000000000000000000000000000000000000000000000000001100000000000000000111000000000000000000000000000
000000000000000000000000000000000110000000000111000000000000000000000000000000000000000000000000000000000000000000000000000000000001110000000000000000011000000000000000000000000000
000000000000000000000000000000001110000000000111000000000000000000000000000000000000000000000000000000000000000000000000000000000001110000000000000000011100000000000000000000000000
000000000000000000000000000000001100000000001110000000000000000000000000000000000000000000000000000000000000000000000000000000000000111000000000000000001100000000000000000000000000
000000000000000000000000000000011100000000001110000000000000000000000000000000000000000000000000000000000000000000000000000000000000111000000000000000001100000000000000000000000000
000000000000000000000000000000011000000000001100000000000000000000000000000000000000000000000000000000000000000000000000000000000000011000000000000000001100000000000000000000000000
000000000000000000000000000000011000000000011100000000000000000000000000000000000000000000000000000000000000000000000000000000000000011100000000000000001100000000000000000000000000
000000000000000000000000000000011000000000011100000000000000000000000000000000000000000000000000000000000000000000000000000000000000011100000000000000001100000000000000000000000000
000000000000000000000000000000111000000000111000000000000000000000000000000000000000000000000000000000000000000000000000000000000000001110000000000000001100000000000000000000000000
000000000000000000000000000000110000000001110000000000000000000000000000000000000000000000000000000000000000000000000000000000000000000111000000000000001100000000000000000000000000
000000000000000000000000000000110000000001110000000000000000000000000000000000000000000000000000000000000000000000000000000000000000000111000000000000001100000000000000000000000000
000000000000000000000000000000110000000011100000000000000000000000000000000000000000000000000000000000000000000000000000000000000000000011100000000000001100000000000000000000000000
000000000000000000000000000001110000000011000000000000000000000000000000000000000000000000000000000000000000000000000000000000000000000001100000000000001100000000000000000000000000
000000000000000000000000000001100000000011000000000000000000000000000000000000000000000000000000000000000000000000000000000000000000000001100000000000001100000000000000000000000000
000000000000000000000000000011100000000011000000000000000000000000000000000000000000000000000000000000000000000000000000000000000000000001110000000000001100000000000000000000000000
000000000000000000000000000011100000000111000000000000000000000000000000000000000000000000000000000000000000000000000000000000000000000000110000000000001100000000000000000000000000
000000000000000000000000000011000000000110000000000000000000000000000000000000000000000000000000000000000000000000000000000000000000000000110000000000001100000000000000000000000000
000000000000000000000000000011000000000110000000000000000000000000000000000000000000000000000000000000000000000000000000000000000000000000111000000000001100000000000000000000000000
000000000000000000000000000011000000000110000000000000000000000000000000000000000000000000000000000000000000000000000000000000000000000000011000000000001100000000000000000000000000
000000000000000000000000000011000000000110000000000000000000000000000000000000000000000000000000000000000000000000000000000000000000000000011000000000001100000000000000000000000000
000000000000000000000000000011000000000110000000000000000000000000000000000000000000000000000000000000000000000000000000000000000000000000011000000000001100000000000000000000000000
000000000000000000000000000011000000001110000000000000000000000000000000000000000000000000000000000000000000000000000000000000000000000000011000000000001100000000000000000000000000
000000000000000000000000000011000000001100000000000000000000000000000000000000000000000000000000000000000000000000000000000000000000000000011100000000001100000000000000000000000000
000000000000000000000000000111000000011100000000000000000000000000000000000000000000000000000000000000000000000000000000000000000000000000001100000000001100000000000000000000000000
000000000000000000000000001111000000011100000000000000000000000000000000000000000000000000000000000000000000000000000000000000000000000000001100000000001100000000000000000000000000
000000000000000000000000011110000000011000000000000000000000000000000000000000000000000000000000000000000000000000000000000000000000000000001100000000001100000000000000000000000000
000000000000000000000000011100000000011000000000000000000000000000000000000000000000000000000000000000000000000000000000000000000000000000001100000000001100000000000000000000000000
000000000000000000000000011000000000011000000000000000000000000000000000000000000000000000000000000000000000000000000000000000000000000000001100000000001100000000000000000000000000
000000000000000000000000111000000000011000000000000000000000000000000000000000000000000000000000000000000000000000000000000000000000000000001100000000001110000000000000000000000000
000000000000000000000000111000000000011000000000000000000000000000000000000000000000000000000000000000000000000000000000000000000000000000001100000000001110000000000000000000000000
000000000000000000000000110000000000011000000000000000000000000000000000000000000000000000000000000000000000000000000000000000000000000000001110000000000110000000000000000000000000
000000000000000000000000110000000000011000000000000000000000000000000000000000000000000000000000000000000000000000000000000000000000000000000111000000000110000000000000000000000000
000000000000000000000000110000000000011000000000000000000000000000000000000000000000000000000000000000000000000000000000000000000000000000000111000000000111000000000000000000000000
000000000000000000000000110000000000011000000000000000000000000000000000000000000000000000000000000000000000000000000000000000000000000000000011000000000111000000000000000000000000
000000000000000000000000110000000000011000000000000000000000000000000000000000000000000000000000000000000000000000000000000000000000000000000011000000000011000000000000000000000000
000000000000000000000000111000000000011000000000000000000000000000000000000000000000000000000000000000000000000000000000000000000000000000000011000000000011000000000000000000000000
000000000000000000000000011000000000011000000000000000000000000000000000000000000000000000000000000000000000000000000000000000000000000000000011100000000011000000000000000000000000
000000000000000000000000011000000000011000000000000000000000000000000000000000000000000000000000000000000000000000000000000000000000000000000001100000000011000000000000000000000000
000000000000000000000000011000000000011000000000000000000000000000000000000000000000000000000000000000000000000000000000000000000000000000000001100000000011000000000000000000000000
000000000000000000000000011000000000011000000000000000000000000000000000000000000000000000000000000000000000000000000000000000000000000000000001100000000011000000000000000000000000
000000000000000000000000011000000000011000000000011111111111111111111111000000000000000000000000000000000001111111111111111111111100000000000001100000000011000000000000000000000000
000000000000000000000000011000000000011000000111111111111111111111111111111110000000000000000000000000111111111111111111111111111111110000000001100000000011000000000000000000000000
000000000000000000000000011000000000011000001111111111111111111111111111111111000000000000000000000001111111111111111111111111111111111000000001100000000011000000000000000000000000
000000000000000000000000011000000000111000001111111111111111111111111111111111000000000000000000000001111111111111111111111111111111111000000001100000000111000000000000000000000000
000000000000000000000000011000000000110000011111111111111111111111111111111111000000000000000000000001111111111111111111111111111111111100000001100000000110000000000000000000000000
000000000000000000000000111000000000110000111111111111111111111111111111111111000000000000000000000001111111111111111111111111111111111110000001100000000110000000000000000000000000
000000000000000000000000111000000000110001111110000000000000000000000011111111000000000000000000000001111111100000000000000000000000111111000001100000000110000000000000000000000000
000000000000000000000000110000000001110011111000000000000000000000000000000000000000000000000000000000000000000000000000000000000000001111100001100000000110000000000000000000000000
000000000000000000000000001111100001100011110000000000111111111111000000000000000000000000000000000000000000000000111111111111000000000111100001100011111000000000000000000000000000
000000000000000000000000011111111011100000000000000011100000000000111000000000000000000000000000000000000000000111000000000001110000000000000001101111111100000000000000000000000000
000000000000000000000000011100111011100000000000001110000000000000001110000000000000000000000000000000000000011100000000000000011100000000000001101110011100000000000000000000000000
000000000000000000000000011000011011100000000000111000000000000000000010000000000000000000000000000000000000010000000000000000000111000000000001101100001100000000000000000000000000
000000000000000000000000011000011011000000000011100000000011111100000001000000000000000000000000000000000000100000011111100000000001110000000001101100001100000000000000000000000000
000000000000000000000000011000011011000000000110000011111111111111110000110000000000000000000000000000000011000111111111111111100000011000000001101100001100000000000000000000000000
000000000000000000000000011000001010000000000100001111111111111111111100001000000000000000000000000000000100011111110111111111111000001000000000101000001100000000000000000000000000
000000000000000000000000011000001000000000000000011111110011111000111110000000000000000000000000000000000000111111000111110011111100000000000000001000001100000000000000000000000000
000000000000000000000000011000001100000000000001111100100011111000101110000000000000000000000000000000000000111001000111110001011111000000000000111000001100000000000000000000000000
000000000000000000000000011000000000000000000011110000110011111000100111100000000000000000000000000000000011110001000111110011000111100000000000000000001100000000000000000000000000
000000000000000000000000011000000000000000001111100000110001110001100011111000000000000000000000000000001111100001100011100011000011111000000000000000001100000000000000000000000000
000000000000000000000000011100000000000000111110000000111000000011100000111100000000000000000000000000011110000001110000000111000000111110000000000000011100000000000000000000000000
000000000000000000000000011100000000000000111100000000011100000111100000001100000000000000000000000000011000000001111000001110000000011110000000000000011100000000000000000000000000
000000000000000000000000001100000000000000111110000000001111111111000000000000000000000000000000000000000000000000111111111100000000111110000000000000011000000000000000000000000000
000000000000000000000000001100000000000000001111100000000001111100011111111110000000000000000000000000111111111100001111100000000011111000000000000000011000000000000000000000000000
000000000000000000000000001100000000000000000011111100000000000001111111111110000000000000000000000000111111111111000000000000011111100000000000000000011000000000000000000000000000
000000000000000000000000001100000000000000000000111111000000000111111000000000000000000000000000000000000000001111110000000001111110000000000000000000011000000000000000000000000000
000000000000000000000000001100000000000000000000001111111111111111100000000000000000000000000000000000000000000011111111111111111000000000000000000000011000000000000000000000000000
000000000000000000000000001100000000000000000000000011111111111100000000000000000000000000000000000000000000000000011111111111100000000000000000000000011000000000000000000000000000
000000000000000000000000001100000000000000000000000000000000000000000000000000000000000000000000000000000000000000000000000000000000000000000000000000011000000000000000000000000000
000000000000000000000000001100000000000000000000000000000000000000000000000000000000000000000000000000000000000000000000000000000000000000000000000000011000000000000000000000000000
000000000000000000000000001100000000000000000000000000000000000000000000000000000000000000000000000000000000000000000000000000000000000000000000000000011000000000000000000000000000
000000000000000000000000001100000000000000000000000000000000000000000000000000000000000000000000000000000000000000000000000000000000000000000000000000011000000000000000000000000000
000000000000000000000000001100000000000000000000000000000000000000000000000000000000000000000000000000000000000000000000000000000000000000000000000000011000000000000000000000000000
000000000000000000000000001100000000000000000000000000000000000000000000000000000000000000000000000000000000000000000000000000000000000000000000000000011000000000000000000000000000
000000000000000000000000001100000000000000000000000000000000000000000000000000000000000000000000000000000000000000000000000000000000000000000000000000011000000000000000000000000000
000000000000000000000000001100000000000000000000000000000000000000000000000000000000000000000000000000000000000000000000000000000000000000000000000000011000000000000000000000000000
000000000000000000000000001100000000000000000000000000000000000000000000000000000000000000000000000000000000000000000000000000000000000000000000000000011000000000000000000000000000
000000000000000000000000001100000000000000000000000000000000000000000000000000000000000000000000000000000000000000000000000000000000000000000000000000011000000000000000000000000000
000000000000000000000000001100000000000000000000000000000000000000000000000000000000000000000000000000000000000000000000000000000000000000000000000000011000000000000000000000000000
000000000000000000000000001100000000000000000000000000000000000000000000000000000000000000000000000000000000000000000000000000000000000000000000000000011000000000000000000000000000
000000000000000000000000001110000000000000000000000000000000000000000000000000000000000000000000000000000000000000000000000000000000000000000000000000111000000000000000000000000000
000000000000000000000000001110000000000000000000000000000000000000000000000000000000000000000000000000000000000000000000000000000000000000000000000000111000000000000000000000000000
000000000000000000000000000110000000000000000000000000000000000000000000000000000000000000000000000000000000000000000000000000000000000000000000000000110000000000000000000000000000
000000000000000000000000000111000000000000000000000000000000000000000000000000000000000000000000000000000000000000000000000000000000000000000000000001110000000000000000000000000000
000000000000000000000000000111100000000000000000000000000000000000000000000000000000000000000000000000000000000000000000000000000000000000000000000011110000000000000000000000000000
000000000000000000000000000011111100000000000000000000000000000000000000000000000000000000000000000000000000000000000000000000000000000000000000011111100000000000000000000000000000
000000000000000000000000000001111100000000000000000000000000000000000000000000000000000000000000000000000000000000000000000000000000000000000000011111000000000000000000000000000000
000000000000000000000000000000000000000000000000000000000000000000000000000000010000000000000000000010000000000000000000000000000000000000000000000000000000000000000000000000000000
000000000000000000000000000000000000000000000000000000000000000000000000000000110000000000000000000011000000000000000000000000000000000000000000000000000000000000000000000000000000
000000000000000000000000000000000000000000000000000000000000000000000000000000110000000000000000000011000000000000000000000000000000000000000000000000000000000000000000000000000000
000000000000000000000000000000000000000000000000000000000000000000000000000001100000000000000000000001100000000000000000000000000000000000000000000000000000000000000000000000000000
000000000000000000000000000000000000000000000000000000000000000000000000000001000000000000000000000000100000000000000000000000000000000000000000000000000000000000000000000000000000
000000000000000000000000000000011100000000000000000000000000000000000000000001000000000000000000000000100000000000000000000000000000000000000000000110000000000000000000000000000000
000000000000000000000000000000011100000000000000000000000000000000000000000001000000000000000000000000100000000000000000000000000000000000000000000110000000000000000000000000000000
000000000000000000000000000000011000000000000000000000000000000000000000000001000000000000000000000000100000000000000000000000000000000000000000000111000000000000000000000000000000
000000000000000000000000000000111000000000000000000000000000000000000000000001001110000000000000111000100000000000000000000000000000000000000000000011000000000000000000000000000000
000000000000000000000000000001110000000000000000000000000000000000000000000001101111100000000011111001100000000000000000000000000000000000000000000011000000000000000000000000000000
000000000000000000000000000011100000000000000000000000000000000000000000000000110011110000000111100011000000000000000000000000000000000000000000000011000000000000000000000000000000
000000000000000000000000000011000000000000000000000000000000000000000000000000111000111000001110000111000000000000000000000000000000000000000000000011100000000000000000000000000000
000000000000000000000000000111000000000000000000000000000000000000000000000000011000111100001110000110000000000000000000000000000000000000000000000001100000000000000000000000000000
000000000000000000000000001110000000000000000000000000000000000000000000000000001100000011110000001100000000000000000000000000000000000000000000000001100000000000000000000000000000
000000000000000000000000011100000000000000000000000000000000000000000000000000000000000000000000000000000000000000000000000000000000000000000000000001100000000000000000000000000000
000000000000000000000000011000000000000000000000000000000000000000000000000000000000000000000000000000000000000000000000000000000000000000000000000001100000000000000000000000000000
000000000000000000000000111000000000000000000000000000000000000000000000000000000000000000000000000000000000000000000000000000000000000000000000000001100000000000000000000000000000
000000000000000000000000110000000000000000000000000000000000000000000000000000000000000000000000000000000000000000000000000000000000000000000000000001100000000000000000000000000000
000000000000000000000000110000000000000000000000000000000000000000000000000000000000000000000000000000000000000000000000000000000000000000000000000001110000000000000000000000000000
000000000000000000000001110000000000000000000000000000000000000000000000000000000000000000000000000000000000000000000000000000000000000000000000000000110000000000000000000000000000
000000000000000000000001100000000000000000000000000000000000000000000000000000000000000000000000000000000000000000000000000000000000000000000000000000110000000000000000000000000000
000000000000000000000011100000000000000000000000000000000000000000000000000000000000000000000000000000000000000000000000000000000000000000000000000011110000000000000000000000000000
000000000000000000000011100000000000000000000000000000000000000000000000000000000000000000000000000000000000000000000000000000000000000000000000000011110000000000000000000000000000
000000000000000000000011000000000000000000000000000000000000000000000000000000000000000000000000000000000000000000000000000000000000000000000000000011110000000000000000000000000000
000000000000000000000011000000000000000000000000000000000000000000000000000000011111111100001111111100000000000000000000000000000000000000000000000011110000000000000000000000000000
000000000000000000000011100000000000000000000000000000000000000000000000000011111111000111111000111111100000000000000000000000000000000000000000000011110000000000000000000000000000
000000000000000000000001100000000000000000000000000000000000000000000000001111000000000000000000000000111000000000000000000000000000000000000000000011000000000000000000000000000000
000000000000000000000001100000000000000000000000000000000000000000000000001110001111111111111111111100011000000000000000000000000000000000000000000011100000000000000000000000000000
000000000000000000000001100000000000000000000000000000000000000000000001111111111110001111111000111111111111000000000000000000000000000000000000000001100000000000000000000000000000
000000000000000000000001100000000000000000000000000000000000000001111111111000000000000000000000000000001111111111000000000000000000000000000000000001100000000000000000000000000000
000000000000000000000001100000000000000000000000000000000000000001111111110000000000000000000000000000000111111111000000000000000000000000000000000001100000000000000000000000000000
000000000000000000000001100000000000000000000000000000000000000000000000011000000000000000000000000000000110000000000000000000000000000000000000000001100000000000000000000000000000
000000000000000000000001110000000000000000000000000000000000000000000000011100000000000000000000000000001110000000000000000000000000000000000000000001100000000000000000000000000000
000000000000000000000000110000000000000000000000000000000000000000000000000111000000000000000000000001110000000000000000000000000000000000000000000001100000000000000000000000000000
000000000000000000000000110011100000000000000000000000000000000000000000000111111000000000000000001111110000000000000000000000000000000000000000000001100000000000000000000000000000
000000000000000000000000111011110000000000000000000000000000000000000000000001111111111111111111111111000000000000000000000000000000000000000000000001100000000000000000000000000000
000000000000000000000000011011110000000000000000000000000000000000000000000000011111111111111111111100000000000000000000000000000000000000000000000011100000000000000000000000000000
000000000000000000000000011011111000000000000000000000000000000000000000000000000000000000000000000000000000000000000000000000000000000000000000000001000000000000000000000000000000
000000000000000000000000011011011000000000000000000000000000000000000000000000000000000000000000000000000000000000000000000000000000000000000000000001000000000000000000000000000000
000000000000000000000000011111011100000000000000000000000000000000000000000000000000000000000000000000000000000000000000000000000011100000111111100111000000000000000000000000000000
000000000000000000000000001111011100000000000000000000000000000000000000000000000000000000000000000000000000000000000000000000000111100011111111111110000000000000000000000000000000
000000000000000000000000001111001110000000000000000000000000000000000000000000000000000000000000000000000000000000000000000000000001110111110001111110000000000000000000000000000000
000000000000000000000000000111000111000000000011111110000000000000000000000000000000000000000000000000000000000000000000000000000001111111000000000000000000000000000000000000000000
000000000000000000000000000000000111111111111111111110000000000000000000000000000000000000000000000000000000000000000000000000000000111110000000000000000000000000000000000000000000
000000000000000000000000000000000011111111111111111100000000000000000000000000000000000000000000000000000000000000000000000000000000000000000000000000000000000000000000000000000000
000000000000000000000000000000000000000000000000000000000000000000000000000000000000000000000000000000000000000000000000000000000000000000000000000000000000000000000000000000000000
000000000000000000000000000000000000000000000000000000000000000000000000000000000000000000000000000000000000000000000000000000000000000000000000000000000000000000000000000000000000
000000000000000000000000000000000000000000000000000000000000000000000000000000000000000000000000000000000000000000000000000000000000000000000000000000000000000000000000000000000000
000000000000000000000000000000000000000000000000000000000000000000000000000000000000000000000000000000000000000000000000000000000000000000000000000000000000000000000000000000000000
000000000000000000000000000000000000000000000000000000000000000000000000000000000000000000000000000000000000000000000000000000000000000000000000000000000000000000000000000000000000
000000000000000000000000000000000000000000000000000000000000000000000000000000000000000000000000000000000000000000000000000000000000000000000000000000000000000000000000000000000000
000000000000000000000000000000000000000000000000000000000000000000000000000000000000000000000000000000000000000000000000000000000000000000000000000000000000000000000000000000000000
000000000000000000000000000000000000000000000000000000000000000000000000000000000000000000000000000000000000000000000000000000000000000000000000000000000000000000000000000000000000
000000000000000000000000000000000000000000000000000000000000000000000000000000000000000000000000000000000000000000000000000000000000000000000000000000000000000000000000000000000000
000000000000000000000000000000000000000000000000000000000000000000000000000000000000000000000000000000000000000000000000000000000000000000000000000000000000000000000000000000000000
000000000000000000000000000000000000000000000000000000000000000000000000000000000000000000000000000000000000000000000000000000000000000000000000000000000000000000000000000000000000
000000000000000000000000000000000000000000000000000000000000000000000000000000000000000000000000000000000000000000000000000000000000000000000000000000000000000000000000000000000000
000000000000000000000000000000000000000000000000000000000000000000000000000000000000000000000000000000000000000000000000000000000000000000000000000000000000000000000000000000000000
000000000000000000000000000000000000000000000000000000000000000000000000000000000000000000000000000000000000000000000000000000000000000000000000000000000000000000000000000000000000
000000000000000000000000000000000000000000000000000000000000000000000000000000000000000000000000000000000000000000000000000000000000000000000000000000000000000000000000000000000000
000000000000000000000000000000000000000000000000000000000000000000000000000000000000000000000000000000000000000000000000000000000000000000000000000000000000000000000000000000000000
000000000000000000000000000000000000000000000000000000000000000000000000000000000000000000000000000000000000000000000000000000000000000000000000000000000000000000000000000000000000
000000000000000000000000000000000000000000000000000000000000000000000000000000000000000000000000000000000000000000000000000000000000000000000000000000000000000000000000000000000000
000000000000000000000000000000000000000000000000000000000000000000000000000000000000000000000000000000000000000000000000000000000000000000000000000000000000000000000000000000000000
000000000000000000000000000000000000000000000000000000000000000000000000000000000000000000000000000000000000000000000000000000000000000000000000000000000000000000000000000000000000
000000000000000000000000000000000000000000000000000000000000000000000000000000000000000000000000000000000000000000000000000000000000000000000000000000000000000000000000000000000000
000000000000000000000000000000000000000000000000000000000000000000000000000000000000000000000000000000000000000000000000000000000000000000000000000000000000000000000000000000000000
000000000000000000000000000000000000000000000000000000000000000000000000000000000000000000000000000000000000000000000000000000000000000000000000000000000000000000000000000000000000
000000000000000000000000000000000000000000000000000000000000000000000000000000000000000000000000000000000000000000000000000000000000000000000000000000000000000000000000000000000000
000000000000000000000000000000000000000000000000000000000000000000000000000000000000000000000000000000000000000000000000000000000000000000000000000000000000000000000000000000000000
