1111111111111111111111111111111111111111111111111111111111111111111111111111111111111111111111111111111111111111111111111111111111111111111111111111111111111111111111111111111111111
1111111111111111111111111111111111111111111111111111111111111111111111111111111111111111111111111111111000000011111111111111111111111111111111111111111111111111111111111111111111111
1111111111111111111111111111111111111111111111111111111111111111111111111111111111111111111111111100000000000000011111111111111111111111111111111111111111111111111111111111111111111
1111111111111111111111111111111111111111111111111111111111111111111111111111111111111111111111100000000011111000001111111111111111111111111111111111111111111111111111111111111111111
1111111111111111111111111111111111111111111111111111111111111111111111111111100011111111111000000001111111111111000011111111111111111111111111111111111111111111111111111111111111111
1111111111111111111111111111111111111111111111111111111111111111111111100000000000011110000000001111111111111111100001111111111111111111111111111111111111111111111111111111111111111
1111111111111111111111111111111111111111111111111111111111111111111111000000001000000110000011111111111111111111111000111111111111111111111111111111111111111111111111111111111111111
1111111111111111111111111111111111111111111111111111111111111111111100001111111111000001111111111111111111111111111100011111111111111111111111111111111111111111111111111111111111111
1111111111111111111111111111111111111111111111111111111111111111110000011111111111110000111111111111111111111111111110001111111111111111111111111111111111111111111111111111111111111
1111111111111111111111111111111111111111111111111111111111111111000001111111111111111000111111111111111111111111111111000001111111111111111111111111111111111111111111111111111111111
1111111111111111111111111111111111111111111111111111111111111100000111111111111111111111111111111111111111111111111111100001111111111111111111111111111111111111111111111111111111111
1111111111111111111111111111111111111111111111111111111111111100011111111111111111111111111111111111111111111111111111111100111111111111111111111111111111111111111111111111111111111
1111111111111111111111111111111111111111111111111111111111110000111111111111111111111111111111111111111111111111111111111100000111111111111111111111111111111111111111111111111111111
1111111111111111111111111111111111111111111111111110000000000000111111111111111111111111111111111111111111111111111111111111000000111111111111111111111111111111111111111111111111111
1111111111111111111111111111111111111111111111110000000000001111111111111111111111111111111111111111111111111111111111111111110000001111111111111111111111111111111111111111111111111
1111111111111111111111111111111111111111111111100000111111111111111111111111111111111111111111111111111111111111111111111111111110000011111111111111111111111111111111111111111111111
1111111111111111111111111111111111111111111110000111111111111111111111111111111111111111111111111111111111111111111111111111111111100001111111111111111111111111111111111111111111111
1111111111111111111111111111111111111111111100001111111111111111111111111111111111111111111111111111111111111111111111111111111111111000111111111111111111111111111111111111111111111
1111111111111111111111111111111111111111111000111111111111111111111111111111111111111111111111111111111111111111111111111111111111111100011111111111111111111111111111111111111111111
1111111111111111111111111111111111111111110001111111111111111111111111111111111111001111111111111111111111111111111111111111111111111110001111111111111111111111111111111111111111111
1111111111111111111111111111111111111111100011111111111111111111111111111111111111001111111111111111111111111111111111111111111111111111000111111111111111111111111111111111111111111
1111111111111111111111111111111111111111000111111111111111111111111111111111111110000111111111111111111111111111111111111111111111111111100011111111111111111111111111111111111111111
1111111111111111111111111111111111111111001111111111111111111111111111111111111110100111111111111111111111111111111111111111111111111111100001111111111111111111111111111111111111111
1111111111111111111111111111111111111111001111111111111111111111111111111111111100100011111111111111111111111111111111111111111111111111111001111111111111111111111111111111111111111
1111111111111111111111111111111111111111001111111111111111111111111111111111111100110011111111111111111111111111111111111111111111111111111000011111111111111111111111111111111111111
1111111111111111111111111111111111111111001111111111111111111111111111111111111100110011111111111111111111111111111111111111111111111111111100011111111111111111111111111111111111111
1111111111111111111111111111111111111110011111111111111111111111111111111111111100110001111111111111111100011111111111111111111111111111111110001111111111111111111111111111111111111
1111111111111111111111111111111111111110011111111111111111111111111111111111111100111000111111111111111100000111111111111111111111111111111111001111111111111111111111111111111111111
1111111111111111111111111111111111111100111111111111111111111111111111111111111100111100001111111111111110000001111111111111111111111111111111000111111111111111111111111111111111111
1111111111111111111111111111111111111100111111111111111111111111111111111111111100111110000111111111111111100000011111000001111111111111111111100111111111111111111111111111111111111
1111111111111111111111111111111111110000111111111111111111111111111111111111111000111111100111111111111111110000001111000000000111111111111111100111111111111111111111111111111111111
1111111111111111111111111111111111100001111111111111111111111111111111111111111001111111100011111111111111100000000000111100000011111111111111100111111111111111111111111111111111111
1111111111111111111111111111111110000111111111111111111111111111111111111111111001111111110001111111111110000011100000001111100001111111111111100111111111111111111111111111111111111
1111111111111111111111111111111100001111111111111111111111111111111111111111110001111111111000011100000000001111111110000111111000111111111111100011111111111111111111111111111111111
1111111111111111111111111111111100111111111111111111111111111111100111111111110011111111111100000100000000111111111111100111111100111111111111110011111111111111111111111111111111111
1111111111111111111111111111110000111111111111111111111111111111100111111111100011111111111111000000111111111111111111111111111100011111111111110011111111111111111111111111111111111
1111111111111111111111111111100001111111111111111111100111111111100111111100000111111111111111110000001111111111111111111111111110001111111111110011111111111111111111111111111111111
1111111111111111111111111111000111111111111111111111000111111111100111110000001111111111111111111110001111111111111111111111111111001111111111110011111111111111111111111111111111111
1111111111111111111111111111001111111111111111111111001111111111000110000001111111111111111111111111111111111111111111111111111111000111111111110000111111111111111111111111111111111
1111111111111111111111111111001111111111111111111110001110000000000000000111111111111111111111111111111111111111111111111111110011100011111111111000111111111111111111111111111111111
1111111111111111111111111111001111111111111111111110011110000000000000111111111111111111111111111111111111111111111111111111110001110011111111111000111111111111111111111111111111111
1111111111111111111111111111001111111111111111111100011111100000011111111111111111111111111111111111111111111111111111111111111001111111111111111100111111111111111111111111111111111
1111111111111111111111111111000111111111111111111100111111111111111111111111111111111111111111111111111111111111111111111111111000111111111111111100011111111111111111111111111111111
1111111111111111111111111111100111111111111111111000111111111111111111111111111111111111111111111111111111111111111111111111111100011111111111111110011111111111111111111111111111111
1111111111111111111111111111100111111111111111100001111111111111111111111111111111111111111111111111111111111111111111111111111110000111111111111110011111111111111111111111111111111
1111111111111111111111111111100111111111111111000011111111111111111111111111111111111111111111111111111111111111111111111111111111000001111111111110001111111111111111111111111111111
1111111111111111111111111111100111111111111111001111111111111111111111111111111111111111111111111111111111111111111111111111111111110000111111111111001111111111111111111111111111111
1111111111111111111111111111100111111111111100001111111111111111111111111111111111111111111111111111111111111111111111111111111111111100011111111111001111111111111111111111111111111
1111111111111111111111111111100111111111110000011111111111111111111111111111111111111111111111111111111111111111111111111111111111111110001111111111001111111111111111111111111111111
1111111111111111111111111111100111110000000001111111111111111111111111111111111111111111111111111111111111111111111111111111111111111111000011111111001111111111111111111111111111111
1111111111111111111111111111100011100000000111111111111111111111111111111111111111111111111111111111111111111111111111111111111111111111100000111111001111111111111111111111111111111
1111111111111111111111111111100011100011111111111111111111111111111111111111111111111111111111111111111111111111111111111111111111111111111000001111001111111111111111111111111111111
1111111111111111111111111111100111100111111111111111111111111111111111111111111111111111111111111111111111111111111111111111111111111111111110000111001111111111111111111111111111111
1111111111111111111111111111100111100111111111111111111111111111111111111111111111111111111111111111111111111111111111111111111111111111111111000111000111111111111111111111111111111
1111111111111111111111111111100111100111111111111111111111111111111111111111111111111111111111111111111111111111111111111111111111111111111111001111100111111111111111111111111111111
1111111111111111111111111111100011100111111111111111111111111111111111111111111111111111111111111111111111111111111111111111111111111111111111001111100111111111111111111111111111111
1111111111111111111111111111110011100111111111111111111111111111111111111111111111111111111111111111111111111111111111111111111111111111111111001111001111111111111111111111111111111
1111111111111111111111111111100011100111111111111111111111111111111111111111111111111111111111111111111111111111111111111111111111111111111111001111001111111111111111111111111111111
1111111111111111111111111111100011100111111111111111111111111111111111111111111111111111111111111111111111111111111111111111111111111111111111000111001111111111111111111111111111111
1111111111111111111111111111100111100111111111111111111111111111111111111111111111111111111111111111111111111111111111111111111111111111111111100111001111111111111111111111111111111
1111111111111111111111111111100011000111111111111111111111111111111111111111111111111111111111111111111111111111111111111111111111111111111111100111001111111111111111111111111111111
1111111111111111111111111111110011001111111111111111111111111111111100111111111111111111111111111111111111111100111111111111111111111111111111100110001111111111111111111111111111111
1111111111111111111111111111110011001111111111111111111111110000010000000011111111111111111111111111111111000000001000001111111111111111111111100010011111111111111111111111111111111
1111111111111111111111111111110011001111111111111111110000000000000000000011111111111111111111111111111111000000000000000000001111111111111111110010011111111111111111111111111111111
1111111111111111111111111111110001001111111111111111000000000000000000000011111111111111111111111111111110000000000000000000000011111111111111110010011111111111111111111111111111111
1111111111111111111111111111111001001111111111111100000000000000000000000011111111111111111111111111111110000000000000000000000000111111111111110010011111111111111111111111111111111
1111111111111111111111111111111001001111111111111000000000000000000000000011111111111111111111111111111110000000000000000000000000011111111111110010011111111111111111111111111111111
1111111111111111111111111111111001001111111111110000000000000000000000000011111111111111111111111111111110000000000000000000000000001111111111110010011111111111111111111111111111111
1111111111111111111111111111111000001111111111000000000000111111110000000011111111111111111111111111111111000000001111111100000000000011111111110000011111111111111111111111111111111
1111111111111111111111111111111000001111111110000000011111111111111111111111111111111111111111111111111111111111111111111111111000000001111111111000011111111111111111111111111111111
1111111111111111111111111111111000001111111110000011111111111111111111111111111111111111111111111111111111111111111111111111111111000001111111111000011111111111111111111111111111111
1111111111111111111111111111111000011111111100001111111111111111111111111111111111111111111111111111111111111111111111111111111111110000111111111000011111111111111111111111111111111
1111111111111111111111111111111100011111111100011111111111111111111111111111111111111111111111111111111111111111111111111111111111111000111111111000011111111111111111111111111111111
1111111111111111111111111100001100011111111111111111111111111111111111111111111111111111111111111111111111111111111111111111111111111111111111111000010000111111111111111111111111111
1111111111111111111111111100000000011111111111111111111111111111111111111111111111111111111111111111111111111111111111111111111111111111111111111000000000111111111111111111111111111
1111111111111111111111110011110000011111111111111111111111111111111111111111111111111111111111111111111111111111111111111111111111111111111111111000001111001111111111111111111111111
1111111111111111111111000011111000011111111111111111111111111111111111111111111111111111111111111111111111111111111111111111111111111111111111111000011111000011111111111111111111111
1111111111111111111111001111111110011111111111111111111110000000000111111111111111111111111111111111111111111111100000000001111111111111111111111001111111110011111111111111111111111
1111111111111111111110011111111110011111111111111111111000000000000011111111111111111111111111111111111111111111000000000000011111111111111111111001111111111001111111111111111111111
1111111111111111111110011111111110011111111111111111110000000000000000111111111111111111111111111111111111111100000000000000001111111111111111111001111111111001111111111111111111111
1111111111111111111100111111111110011111111111111111000001000111000000011111111111111111111111111111111111111000000011100010000011111111111111111001111111111100111111111111111111111
1111111111111111111100111111111110011111111111111110000110001111100100001111111111111111111111111111111111110000100111110001100001111111111111111001111111111100111111111111111111111
1111111111111111111100111111111110011111111111111100001110011000110011000111111111111111111111111111111111100011001100011001110000111111111111111001111111111100111111111111111111111
1111111111111111111100111111111110011111111111111000011110011000110011100001111111111111111111111111111110000111001100011001111000011111111111111001111111111100111111111111111111111
1111111111111111111100111111111110011111111111100001111110011000110011110000111111111111111111111111111100001111001100011001111110000111111111111001111111111100111111111111111111111
1111111111111111111100111111001110011111111111100011111111011000110011111100111111111111111111111111111100111111001100011011111111000111111111111001110011111100111111111111111111111
1111111111111111111100111111001110011111111111111111111111001100110011111111111111111111111111111111111111111111001100110011111111111111111111111001110011111100111111111111111111111
1111111111111111111100011111001110011111111111110011111111001111100011111111111111111111111111111111111111111111000111110011111111001111111111111001110011111000111111111111111111111
1111111111111111111110011111001110011111111111110001111111000011000111111111111111111111111111111111111111111111100011000011111100001111111111111001110011111001111111111111111111111
1111111111111111111110011111001110011111111111111001000111100000001111111000111111111111111111111111111100011111110000000111100000111111111111111001110011111001111111111111111111111
1111111111111111111110011111001100011111111111111111000011110000011111100000111111111111111111111111111100000111111000001111000011111111111111111000110011111001111111111111111111111
1111111111111111111110011111001100111111111111111111100000000001000000000011111111111111111111111111111111000000000010000000000111111111111111111100110011111001111111111111111111111
1111111111111111111110011111001100111111111111111111111000000000000000001111111111111111111111111111111111110000000000000000011111111111111111111100110011111001111111111111111111111
1111111111111111111110011111001100111111111111111111111111111000001111111111111111111111111111111111111111111111110000011111111111111111111111111100110011111001111111111111111111111
1111111111111111111110000111000100111111111111111111111111111111111111111111111111111111111111111111111111111111111111111111111111111111111111111100100011100001111111111111111111111
1111111111111111111111100111000100111111111111111111111111111111111111111111111111111111111111111111111111111111111111111111111111111111111111111100100011100111111111111111111111111
1111111111111111111111100111100100111111111111111111111111111111111111111111111111111111111111111111111111111111111111111111111111111111111111111100100111100111111111111111111111111
1111111111111111111111100111100000111111111111111111111111111111111111111111111111111111111111111111111111111111111111111111111111111111111111111100000111100111111111111111111111111
1111111111111111111111100011110000111111111111111111111111111111111111111111111111111111111111111111111111111111111111111111111111111111111111111100001111000111111111111111111111111
1111111111111111111111110011111000111111111111111111111111111111111111111111111111111111111111111111111111111111111111111111111111111111111111111100011111001111111111111111111111111
1111111111111111111111111001111100111111111111111111111111111111111111111111111111111111111111111111111111111111111111111111111111111111111111111100111110011111111111111111111111111
1111111111111111111111111001111100111111111111111111111111111111111111111111111111111111111111111111111111111111111111111111111111111111111111111100111110011111111111111111111111111
1111111111111111111111111001111100111111111111111111111111111111111111111111111111111111111111111111111111111111111111111111111111111111111111111100111110011111111111111111111111111
1111111111111111111111111001111100011111111111111111111111111111111111111111111111111111111111111111111111111111111111111111111111111111111111111000111110011111111111111111111111111
1111111111111111111111111100111110011111111111111111111111111111111111111111111111111111111111111111111111111111111111111111111111111111111111111001111100111111111111111111111111111
1111111111111111111111111100011110011111111111111111111111111111111111111111111111111111111111111111111111111111111111111111111111111111111111111001111000111111111111111111111111111
1111111111111111111111111110000110011111111111111111111111111111111111111111111111111111111111111111111111111111111111111111111111111111111111111001100001111111111111111111111111111
1111111111111111111111111111100000011111111111111111111111111111111111111111111111111111111111111111111111111111111111111111111111111111111111111000000111111111111111111111111111111
1111111111111111111111111111110000011111111111111111111111111111111111111111111111111111111111111111111111111111111111111111111111111111111111111000001111111111111111111111111111111
1111111111111111111111111111111110011111111111111111111111111111111111111111111111111111111111111111111111111111111111111111111111111111111111111001111111111111111111111111111111111
1111111111111111111111111111111110001111111111111111111111111111111111111111111111111111111111111111111111111111111111111111111111111111111111110001111111111111111111111111111111111
1111111111111111111111111111111111001111111111111111111111111111111111111111111111111111111111111111111111111111111111111111111111111111111111110011111111111111111111111111111111111
1111111111111111111111111111111111001111111111111111111111111111111111111111111111111111111111111111111111111111111111111111111111111111111111110011111111111111111111111111111111111
1111111111111111111111111111111111001111111111111111111111111111111111111111111111111111111111111111111111111111111111111111111111111111111111110011111111111111111111111111111111111
1111111111111111111111111111111111001111111111111111111111111111111111111110001111111111111111111111110001111111111111111111111111111111111111110011111111111111111111111111111111111
1111111111111111111111111111111111000111111111111111111111111111111111111110001111111111111111111111110001111111111111111111111111111111111111100011111111111111111111111111111111111
1111111111111111111111111111111111000111111111111111111111111111111111111100011111111111111111111111111000111111111111111111111111111111111111100011111111111111111111111111111111111
1111111111111111111111111111111111100111111111111111111111111111111111111100111111111111111111111111111100111111111111111111111111111111111111100111111111111111111111111111111111111
1111111111111111111111111111111111100111111111111111111111111111111111111100111100111111111111111001111100111111111111111111111111111111111111100111111111111111111111111111111111111
1111111111111111111111111111111111100111111111111111111111111111111111111100011100001111111111100001111000111111111111111111111111111111111111100111111111111111111111111111111111111
1111111111111111111111111111111111100011111111111111111111111111111111111110000110000011111111000001100001111111111111111111111111111111111111000111111111111111111111111111111111111
1111111111111111111111111111111111100011111111111111111111111111111111111111000111000001111110000011100011111111111111111111111111111111111111000111111111111111111111111111111111111
1111111111111111111111111111111111110011111111111111111111111111111111111111110011110000000000001111001111111111111111111111111111111111111111001111111111111111111111111111111111111
1111111111111111111111111111111111110011111111111111111111111111111111111111111111111110000001111111111111111111111111111111111111111111111111001111111111111111111111111111111111111
1111111111111111111111111111111111110011111111111111111111111111111111111111111111111111111111111111111111111111111111111111111111111111111111001111111111111111111111111111111111111
1111111111111111111111111111111111110111111111111111111111111111111111111111111111111111111111111111111111111111111111111111111111111111111110001111111111111111111111111111111111111
1111111111111111111111111111111111110001111111111111111111111111111111111111111111111111111111111111111111111111111111111111111111111111111110001111111111111111111111111111111111111
1111111111111111111111111111111111111001111111111111111111111111111111111111111111111111111111111111111111111111111111111111111111111111111110011111111111111111111111111111111111111
1111111111111111111111111111111111111001111111111111111111111111111111111111111111111111111111111111111111111111111111111111111111111111111110011111111111111111111111111111111111111
1111111111111111111111111111111111111001111111111111111111111111111111111111111111111111111111111111111111111111111111111111111111111111111110011111111111111111111111111111111111111
1111111111111111111111111111111111111001111111111111111111111111111111111111111111111111111111111111111111111111111111111111111111111111111110011111111111111111111111111111111111111
1111111111111111111111111111111111111100111111111111111111111111111111111111111111111111111111111111111111111111111111111111111111111111111100011111111111111111111111111111111111111
1111111111111111111111111111111111111100111111111111111111111111111111111111111111111111111111111111111111111111111111111111111111111111111100011111111111111111111111111111111111111
1111111111111111111111111111111111111100111111111111111111111111111111111111111111111111111111111111111111111111111111111111111111111111111100111111111111111111111111111111111111111
1111111111111111111111111111111111111110011111111111111111111111111111111111111111111111111111111111111111111111111111111111111111111111111000111111111111111111111111111111111111111
1111111111111111111111111111111111111110011111111111111111111111111111111111111111100001111110000111111111111111111111111111111111111111111001111111111111111111111111111111111111111
1111111111111111111111111111111111111110001111111111111111111111111111111111111100000000011000000000111111111111111111111111111111111111110001111111111111111111111111111111111111111
1111111111111111111111111111111111111110001111111111111111111111111111111111100000001111000011110000000111111111111111111111111111111111110001111111111111111111111111111111111111111
1111111111111111111111111111111111111111001111111111111111111111111111111110000001111111111111111110000011111111111111111111111111111111110011111111111111111111111111111111111111111
1111111111111111111111111111111111111111000111111111111111111111110000110000001111111111111111111111110000111100001111111111111111111111100011111111111111111111111111111111111111111
1111111111111111111111111111111111111111000111111111111111111111110000000000000000111111111111111100000000000000001111111111111111111111100011111111111111111111111111111111111111111
1111111111111111111111111111111111111111100011111111111111111111111110000000000000000011111111000000000000000001111111111111111111111111000111111111111111111111111111111111111111111
1111111111111111111111111111111111111111100011111111111111111111111111111111111100000000000000000000111111111111111111111111111111111111000111111111111111111111111111111111111111111
1111111111111111111111111111111111111111110001111111111111111111111111111111111111110000000000001111111111111111111111111111111111111110001111111111111111111111111111111111111111111
1111111111111111111111111111111111111111110001111111111111111111111111111111111111111111111111111111111111111111111111111111111111111110001111111111111111111111111111111111111111111
1111111111111111111111111111111111111111111000111111111111111111111111111111001111111111111111111111100111111111111111111111111111111100011111111111111111111111111111111111111111111
1111111111111111111111111111111111111111111100011111111111111111111111111111000011111111111111111111100111111111111111111111111111111000111111111111111111111111111111111111111111111
1111111111111111111111111111111111111111111100000111111111111111111111111111110011111111111111111110011111111111111111111111111111100000111111111111111111111111111111111111111111111
1111111111111111111111111111111111111111111111000111111111111111111111111111111100011111111111111000011111111111111111111111111111100011111111111111111111111111111111111111111111111
1111111111111111111111111111111111111111111111100011111111111111111111111111111100000111111111100000111111111111111111111111111111000111111111111111111111111111111111111111111111111
1111111111111111111111111111111111111111111111110001111111111111111111111111111111000001111110000011111111111111111111111111111110001111111111111111111111111111111111111111111111111
1111111111111111111111111111111111111111111111111000111111111111111111111111111111110000000000001111111111111111111111111111111100011111111111111111111111111111111111111111111111111
1111111111111111111111111111111111111111111111111100011111111111111111111111111111111100000000111111111111111111111111111111111000111111111111111111111111111111111111111111111111111
1111111111111111111111111111111111111111111111111100001111111111111111111111111111111111111111111111111111111111111111111111110000111111111111111111111111111111111111111111111111111
1111111111111111111111111111111111111111111111111110000111111111111111111111111111111111111111111111111111111111111111111111100001111111111111111111111111111111111111111111111111111
1111111111111111111111111111111111111111111111111111000011111111111111111111111111111111111111111111111111111111111111111111000011111111111111111111111111111111111111111111111111111
1111111111111111111111111111111111111111111111111111100001111111111111111111111111111111111111111111111111111111111111111110000111111111111111111111111111111111111111111111111111111
1111111111111111111111111111111111111111111111111111110000111111111111111111111111111111111111111111111111111111111111111100001111111111111111111111111111111111111111111111111111111
1111111111111111111111111111111111111111111111111111111000011111111111111111111111111111111111111111111111111111111111111000011111111111111111111111111111111111111111111111111111111
1111111111111111111111111111111111111111111111111111111100001111111111111111111111111111111111111111111111111111111111110000111111111111111111111111111111111111111111111111111111111
1111111111111111111111111111111111111111111111111111111111000011111111111111111111111111111111111111111111111111111111000011111111111111111111111111111111111111111111111111111111111
1111111111111111111111111111111111111111111111111111111111100001111111111111111111111111111111111111111111111111111110000111111111111111111111111111111111111111111111111111111111111
1111111111111111111111111111111111111111111111111111111111110000111111111111111111111111111111111111111111111111111100001111111111111111111111111111111111111111111111111111111111111
1111111111111111111111111111111111111111111111111111111111111000011111111111111111111111111111111111111111111111111000011111111111111111111111111111111111111111111111111111111111111
1111111111111111111111111111111111111111111111111111111111111110000111111111111111111111111111111111111111111111100001111111111111111111111111111111111111111111111111111111111111111
1111111111111111111111111111111111111111111111111111111111111110000011111111111111111111111111111111111111111111000001111111111111111111111111111111111111111111111111111111111111111
1111111111111111111111111111111111111111111111111111111111111111100000111111111111111111111111111111111111111100000111111111111111111111111111111111111111111111111111111111111111111
1111111111111111111111111111111111111111111111111111111111111111110000011111111111111111111111111111111111111000001111111111111111111111111111111111111111111111111111111111111111111
1111111111111111111111111111111111111111111111111111111111111111111100000011111111111111111111111111111111000000111111111111111111111111111111111111111111111111111111111111111111111
1111111111111111111111111111111111111111111111111111111111111111111111000001111111111111111111111111111110000011111111111111111111111111111111111111111111111111111111111111111111111
1111111111111111111111111111111111111111111111111111111111111111111111110000011111111111111111111111111000001111111111111111111111111111111111111111111111111111111111111111111111111
1111111111111111111111111111111111111111111111111111111111111111111111111100000111111111111111111111100000111111111111111111111111111111111111111111111111111111111111111111111111111
1111111111111111111111111111111111111111111111111111111111111111111111111111000001111111111111111110000011111111111111111111111111111111111111111111111111111111111111111111111111111
1111111111111111111111111111111111111111111111111111111111111111111111111111110000000000000000000000001111111111111111111111111111111111111111111111111111111111111111111111111111111
1111111111111111111111111111111111111111111111111111111111111111111111111111111100000000000000000000111111111111111111111111111111111111111111111111111111111111111111111111111111111
1111111111111111111111111111111111111111111111111111111111111111111111111111111111111111111111111111111111111111111111111111111111111111111111111111111111111111111111111111111111111
1111111111111111111111111111111111111111111111111111111111111111111111111111111111111111111111111111111111111111111111111111111111111111111111111111111111111111111111111111111111111
1111111111111111111111111111111111111111111111111111111111111111111111111111111111111111111111111111111111111111111111111111111111111111111111111111111111111111111111111111111111111
1111111111111111111111111111111111111111111111111111111111111111111111111111111111111111111111111111111111111111111111111111111111111111111111111111111111111111111111111111111111111
1111111111111111111111111111111111111111111111111111111111111111111111111111111111111111111111111111111111111111111111111111111111111111111111111111111111111111111111111111111111111
1111111111111111111111111111111111111111111111111111111111111111111111111111111111111111111111111111111111111111111111111111111111111111111111111111111111111111111111111111111111111
