000000000000000000000000000000000000000000000000000000000000000000000000000000000000000000000000000000000000001110000000000000000000000000000000000000000000000000000000000000000000
000000000000000000000000000000000000000000000000000000000000000011111111000111111111000000000000111111111111111111111110000000000000000000000000000000000000000000000000000000000000
000000000000000000000000000000000000000000000000000000001111001111111111111111111111111100011111111111111111111001111111110000000000000000000000000000000000000000000000000000000000
000000000000000000000000000000000000000000000000000001111111111111000011111100000001111111111111110000000000000000000011111100000000000000000000000000000000000000000000000000000000
000000000000000000000000000000000000000000000000000111111011111000000000000000000000000111111000000000000000000000000000111111100000000000000000000000000000000000000000000000000000
000000000000000000000000000000000000000000000000111111000000000000000000000000000000000000110000000000000000000000000000000111111110000000000000000000000000000000000000000000000000
000000000000000000000000000000000000000000000011111110000000000000000000000000000000000000110000000000000000000000000000000001111111100000000000000000000000000000000000000000000000
000000000000000000000000000000000000000000000011111000000000000000000000000000000000000000011000000000000000000000000000000000000111111000000000000000000000000000000000000000000000
000000000000000000000000000000000000000000111111100000000000000000000000000000000000000000110000000000000000000000000000000000000000111110000000000000000000000000000000000000000000
000000000000000000000000000000000000000000111110000000000000000000000000000000000000000000110000000000000000000000000000000000000000001111100000000000000000000000000000000000000000
000000000000000000000000000000000000000011110000000000000000000000000000000000000000000000110000000000000000000000000000000000000000000011111000000000000000000000000000000000000000
000000000000000000000000000000000000000111100000000000000000011111111111111111111110000000111000011111111111111111111110000000000000000000111100000000000000000000000000000000000000
000000000000000000000000000000000000011111000000000000011111111111111111111111111111100000000000111111111111111111111111000000000000000000011100000000000000000000000000000000000000
000000000000000000000000000000000000011110000000000001111111110000000000000000001111111000001111111000000000000000110111110000000000000000001100000000000000000000000000000000000000
000000000000000000000000000000000000111000000000000011110000000000000000000000000011111111111111100000000000000000000001111000000000000000001100000000000000000000000000000000000000
000000000000000000000000000000000001110000000000000111100000000000000000000000000000001111111000000000000000000000000001111100000000000000001100000000000000000000000000000000000000
000000000000000000000000000000000011100000000000011111000000000000000000000000000000000000000000000000000000000000000000111111000000000000001110000000000000000000000000000000000000
000000000000000000000000000000000011000000000000111100000000000000000000000000000000000000000000000000000000000000000000001111100000000000001111000000000000000000000000000000000000
000000000000000000000000000000000111000000000001111000000000000000000000000000000000000000000000000000000000000000000000000011110000000000000111100000000000000000000000000000000000
000000000000000000000000000000001110000000000011100000000000000000000000000000000000000000000000000000000000000000000000000000111100000000000001110000000000000000000000000000000000
000000000000000000000000000000001100000000000011100000000000000000000000000000000000000000000000000000000000000000000000000000011110000000000000110000000000000000000000000000000000
000000000000000000000000000000011100000000000111000000000000000000000000000000000000000000000000000000000000000000000000000000001110000000000000011000000000000000000000000000000000
000000000000000000000000000000011100000000001110000000000000000000000000000000000000000000000000000000000000000000000000000000000111100000000000011000000000000000000000000000000000
000000000000000000000000000000001100000000001110000000000000000000000000000000000000000000000000000000000000000000000000000000000011100000000000001110000000000000000000000000000000
000000000000000000000000000000001100000000001100000000000000000000000000000000000000000000000000000000000000000000000000000000000001110000000000001110000000000000000000000000000000
000000000000000000000000000000011100000000001100000000000000000000000000000000000000000000000000000000000000000000000000000000000001111000000000000110000000000000000000000000000000
000000000000000000000000000000011100000000011100000000000000000000000000000000000000000000000000000000000000000000000000000000000000011110000000000110000000000000000000000000000000
000000000000000000000000000000011000000000011000000000000000000000000000000000000000000000000000000000000000000000000000000000000000011111000000000110000000000000000000000000000000
000000000000000000000000000000111000000000111000000000000000000000000000000000000000000000000000000000000000000000000000000000000000000111000000000110000000000000000000000000000000
000000000000000000000000000000111000000000111000000000000000000000000000000000000000000000000000000000000000000000000000000000000000000011100000000111000000000000000000000000000000
000000000000000000000000000000110000000000110000000000000000000000000000000000000000000000000000000000000000000000000000000000000000000001110000000111000000000000000000000000000000
000000000000000000000000000001110000000000110000000000000000000000000000000000000000000000000000000000000000000000000000000000000000000001110000000011100000000000000000000000000000
000000000000000000000000000011110000000001110000000000000000000000000000000000000000000000000000000000000000000000000000000000000000000000110000000011110000000000000000000000000000
000000000000000000000000000011100000000001100000000000000000000000000000000000000000000000000000000000000000000000000000000000000000000000111000000001111000000000000000000000000000
000000000000000000000000000011000000000011100000000000000000000000000000000000000000000000000000000000000000000000000000000000000000000000011100000000111000000000000000000000000000
000000000000000000000000000111000000000111000000000000000000000000000000000000000000000000000000000000000000000000000000000000000000000000011100000000011000000000000000000000000000
000000000000000000000000000111000000001111000000000000000000000000000000000000000000000000000000000000000000000000000000000000000000000000001100000000011000000000000000000000000000
000000000000000000000000000110000000011100000000000000000000000000000000000000000000000000000000000000000000000000000000000000000000000000001100000000011000000000000000000000000000
000000000000000000000000000110000000011000000000000000000000000000000000000000000000000000000000000000000000000000000000000000000000000000001110000000011000000000000000000000000000
000000000000000000000000000110000000111000000000000000000000000000000000000000000000000000000000000000000000000000000000000000000000000000001110000000011000000000000000000000000000
000000000000000000000000001110000000111000000000000000000000000000000000000000000000000000000000000000000000000000000000000000000000000000000111000000011000000000000000000000000000
000000000000000000000000001110000001110000000000000000000000000000000000000000000000000000000000000000000000000000000000000000000000000000000111000000011000000000000000000000000000
000000000000000000000000001100000001110000000000000000000000000000000000000000000000000000000000000000000000000000000000000000000000000000000011100000011100000000000000000000000000
000000000000000000000000001100000001100000000000000000000000000000000000000000000000000000000000000000000000000000000000000000000000000000000011100000011100000000000000000000000000
000000000000000000000000001100000011100000000000000000000000000000000000000000000000000000000000000000000000000000000000000000000000000000000001100000001100000000000000000000000000
000000000000000000000000001100000111000000000000000000000000000000000000000000000000000000000000000000000000000000000000000000000000000000000001110000001100000000000000000000000000
000000000000000000000000001100000110000000000000000000000000000000000000000000000000000000000000000000000000000000000000000000000000000000000001110000001100000000000000000000000000
000000000000000000000000001110000110000000000000000000000000000000000000000000000000000000000000000000000000000000000000000000000000000000000000111000001100000000000000000000000000
000000000000000000000000001110001110000000000000000000000000000000000000000000000000000000000000000000000000000000000000000000000000000000000000111000001100000000000000000000000000
000000000000000000000000000110001100000000000000000000000000000000000000000000000000000000000000000000000000000000000000000000000000000000000000011000011100000000000000000000000000
000000000000000000000000000110001100000000000000000000000000000000000000000000000000000000000000000000000000000000000000000000000000000000000000011000011100000000000000000000000000
000000000000000000000000000110001100000000000000000000000000000000000000000000000000000000000000000000000000000000000000000000000000000000000000011000011000000000000000000000000000
000000000000000000000000000110001100000000000000000000000000000000000000000000000000000000000000000000000000000000000000000000000000000000000000011000111000000000000000000000000000
000000000000000000000000000110011100000000000000000000000000000000000000000000000000000000000000000000000000000000000000000000000000000000000000011000110000000000000000000000000000
000000000000000000000000000110011000000000000000000001111111111111100100000000000000000000000000000000000000001001111111111111100000000000000000011000110000000000000000000000000000
000000000000000000000000001110011000000000000000000111111111111111111101100000000000000000000000000000000001101111111111111111111000000000000000011000110000000000000000000000000000
000000000000000000000000001100011000000000000001101111111111111111111111111001000000000000000000000000100111111111111111111111111101100000000000011000110000000000000000000000000000
000000000000000000000000001100011100000000000111111111111111111111111100011100000000000000000000000000001110001111111111111111111111111000000000011000110000000000000000000000000000
000000000000000000000000001110011100000000001111111111111111111100011111001100000000000000000000000000001100111110001111111111111111111100000000011000110000000000000000000000000000
000000000000000000000000000110000100000000011111111111111111111111111111100110000000000000000000000000011001111111111111111111111111111110000000011000110000000000000000000000000000
000000000000000000000000000111000100000001111111110010000000000000111111111000000000000000000000000000000111111111000000000000100011111111100000011000110000000000000000000000000000
000000000000000000000000000111000100000011111110000000000000000000000011000100000000000000000000000000001000110000000000000000000000011111110000011000110000000000000000000000000000
000000000000000000000000000011000100000011110000000000000000000000000000110100000000000000000000000000001011000000000000000000000000000011110000011000100000000000000000000000000000
000000000000000000000000000011000100000011100000000000000000000000000000001100000000000000000000000000001100000000000000000000000000000001110000011000100000000000000000000000000000
000000000000000000000000000011000100000011000000000000000000000000000000000000000000000000000000000000000000000000000000000000000000000000110000011000110000000000000000000000000000
000000000000000000000000000111001100000010000000000000000000000000000000000000000000000000000000000000000000000000000000000000000000000000010000011000110000000000000000000000000000
000000000000000000000000111111001100000000000000000000000000000000000000000000000000000000000000000000000000000000000000000000000000000000000000011000111110000000000000000000000000
000000000000000000000001111111001100000000000000000000000000000000000000000000000000000000000000000000000000000000000000000000000000000000000000011001111111000000000000000000000000
000000000000000000000001110111001100000000000000000000000000000000000000000000000000000000000000000000000000000000000000000000000000000000000000011001110111000000000000000000000000
000000000000000000000001100011001100000000000000000000000000000000000000000000000000000000000000000000000000000000000000000000000000000000000000011001100011000000000000000000000000
000000000000000000000001100001101100000000000000000000000000000000000000000000000000000000000000000000000000000000000000000000000000000000000000011011000011000000000000000000000000
000000000000000000000011100000111100000000000000000000000000000000000000000000000000000000000000000000000000000000000000000000000000000000000000011110000011100000000000000000000000
000000000000000000000011100000011100000000000000000001111111111000000000000000000000000000000000000000000000000000000111111111100000000000000000011100000011100000000000000000000000
000000000000000000000011000000001100000000000000111111000000001111000000000000000000000000000000000000000000000000111100000000111111000000000000011000000001100000000000000000000000
000000000000000000000011000000001100000000000001100000000000000001100000000000000000000000000000000000000000000001100000000000000001100000000000011000000001100000000000000000000000
000000000000000000000011000000001100000000000011000000000000000000011000000000000000000000000000000000000000000110000000000000000000110000000000011000000001100000000000000000000000
000000000000000000000011000000001100000000000100000000111111110000000110000000000000000000000000000000000000011000000111111110000000001000000000011000000001100000000000000000000000
000000000000000000000011100000001100000000011000000111111111111111000001100000000000000000000000000000000001100000111111111111110000000110000000011000000011100000000000000000000000
000000000000000000000001100000001100000000000000011111111111111111100000000000000000000000000000000000000000000011111111111111111100000000000000011000000011000000000000000000000000
000000000000000000000001100000001100000000000001111111001111110111110000000000000000000000000000000000000000000111110011111100111111000000000000011000000011000000000000000000000000
000000000000000000000001100000001100000000000011110010001111110011111000000000000000000000000000000000000000001110110011111100010111100000000000011000000011000000000000000000000000
000000000000000000000001100000001100000000001111100010001111110011011110000000000000000000000000000000000000111100110011111100010011111000000000011000000011000000000000000000000000
000000000000000000000011100000001100000000011111000010001111110011001111100000000000000000000000000000000011111000110011111100010001111100000000011000000011100000000000000000000000
000000000000000000000011100000001100000000011100000001100111000011000011110000000000000000000000000000000111100000110000111001100000011100000000011000000011100000000000000000000000
000000000000000000000011100000001100000000001110000001100000000110000001110000000000000000000000000000000111000000011000000001100000111000000000011000000011100000000000000000000000
000000000000000000000001110000001100000000001111100001111000001100000011110000000000000000000000000000000111100000001100000111100011111000000000011000000111000000000000000000000000
000000000000000000000001110000001100000000000111111000011100111101111111110000000000000000000000000000000111111111001111001110001111110000000000011000000111000000000000000000000000
000000000000000000000001110000001100000000000001111111001111111111111110000000000000000000000000000000000000111111110111111101111111000000000000011000000111000000000000000000000000
000000000000000000000001110000001100000000000000011111111111111111100000000000000000000000000000000000000000000011111111111111111100000000000000011000000111000000000000000000000000
000000000000000000000000110000001100000000000000000001111111111110000000000000000000000000000000000000000000000000111111111111000000000000000000011000000110000000000000000000000000
000000000000000000000000111000001100000000000000000000000000000000000000000000000000000000000000000000000000000000000000000000000000000000000000011000001110000000000000000000000000
000000000000000000000000111000001100000000000000000000000000000000000000000000000000000000000000000000000000000000000000000000000000000000000000011000001110000000000000000000000000
000000000000000000000000011000001100000000000000000000000000000000000000000000000000000000000000000000000000000000000000000000000000000000000000011000001100000000000000000000000000
000000000000000000000000011000001100000000000000000000000000000000000000000000000000000000000000000000000000000000000000000000000000000000000000011000001100000000000000000000000000
000000000000000000000000011000001100000000000000000000000000000000000000000000000000000000000000000000000000000000000000000000000000000000000000011000001100000000000000000000000000
000000000000000000000000011000001100000000000000000000000000000000000000000000000000000000000000000000000000000000000000000000000000000000000000011000001100000000000000000000000000
000000000000000000000000011100001100000000000000000000000000000000000000000000000000000000000000000000000000000000000000000000000000000000000000011000011100000000000000000000000000
000000000000000000000000011100001100000000000000000000000000000000000000000000000000000000000000000000000000000000000000000000000000000000000000011000011100000000000000000000000000
000000000000000000000000011100001100000000000000000000000000000000000000000000000000000000000000000000000000000000000000000000000000000000000000011000011100000000000000000000000000
000000000000000000000000001100001100000000000000000000000000000000000000000000000000000000000000000000000000000000000000000000000000000000000000011000011000000000000000000000000000
000000000000000000000000001110001100000000000000000000000000000000000000000000000000000000000000000000000000000000000000000000000000000000000000011000111000000000000000000000000000
000000000000000000000000001110001100000000000000000000000000000000000000000000000000000000000000000000000000000000000000000000000000000000000000011000111000000000000000000000000000
000000000000000000000000001110001100000000000000000000000000000000000000000000000000000000000000000000000000000000000000000000000000000000000000011000111000000000000000000000000000
000000000000000000000000000110001100000000000000000000000000000000000000000000000000000000000000000000000000000000000000000000000000000000000000011000110000000000000000000000000000
000000000000000000000000000110001100000000000000000000000000000000000000000000000000000000000000000000000000000000000000000000000000000000000000011000110000000000000000000000000000
000000000000000000000000000111001100000000000000000000000000000000000000000000000000000000000000000000000000000000000000000000000000000000000000011001110000000000000000000000000000
000000000000000000000000000011001100000000000000000000000000000000000000000001000000000000000000000000100000000000000000000000000000000000000000011001100000000000000000000000000000
000000000000000000000000000011001100000000000000000000000000000000000000000001100000000000000000000001100000000000000000000000000000000000000000011001100000000000000000000000000000
000000000000000000000000000011111100000000000000000000000000000000000000000011100000000000000000000001110000000000000000000000000000000000000000011111100000000000000000000000000000
000000000000000000000000000011111100000000000000000000000000000000000000000010000000000000000000000000010000000000000000000000000000000000000000011111100000000000000000000000000000
000000000000000000000000000000111110000000000000000000000000000000000000000110000000000000000000000000011000000000000000000000000000000000000000111110000000000000000000000000000000
000000000000000000000000000000001110000000000000000000000000000000000000000110000000000000000000000000011000000000000000000000000000000000000000111000000000000000000000000000000000
000000000000000000000000000000000110000000000000000000000000000000000000000100000000000000000000000000001000000000000000000000000000000000000000110000000000000000000000000000000000
000000000000000000000000000000000110000000000000000000000000000000000000000100010000000000000000000010001000000000000000000000000000000000000000110000000000000000000000000000000000
000000000000000000000000000000000011000000000000000000000000000000000000000110111100000000000000011110011000000000000000000000000000000000000001100000000000000000000000000000000000
000000000000000000000000000000000011000000000000000000000000000000000000000011011110000000000000111100110000000000000000000000000000000000000001100000000000000000000000000000000000
000000000000000000000000000000000011000000000000000000000000000000000000000001000111100000000011110000100000000000000000000000000000000000000001100000000000000000000000000000000000
000000000000000000000000000000000001100000000000000000000000000000000000000000000011110000000111100000000000000000000000000000000000000000000011000000000000000000000000000000000000
000000000000000000000000000000000001100000000000000000000000000000000000000000000000111000000110000000000000000000000000000000000000000000000011000000000000000000000000000000000000
000000000000000000000000000000000001100000000000000000000000000000000000000000000000000111111000000000000000000000000000000000000000000000000011000000000000000000000000000000000000
000000000000000000000000000000000000100000000000000000000000000000000000000000000000000000000000000000000000000000000000000000000000000000000010000000000000000000000000000000000000
000000000000000000000000000000000000100000000000000000000000000000000000000000000000000000000000000000000000000000000000000000000000000000000010000000000000000000000000000000000000
000000000000000000000000000000000000110000000000000000000000000000000000000000000000000000000000000000000000000000000000000000000000000000000110000000000000000000000000000000000000
000000000000000000000000000000000000110000000000000000000000000000000000000000000000000000000000000000000000000000000000000000000000000000000110000000000000000000000000000000000000
000000000000000000000000000000000001111000000000000000000000000000000000000000000000000000000000000000000000000000000000000000000000000000001111000000000000000000000000000000000000
000000000000000000000000000000000001111000000000000000000000000000000000000000000000000000000000000000000000000000000000000000000000000000001011000000000000000000000000000000000000
000000000000000000000000000000000001100100000000000000000000000000000000000000000000000000000000000000000000000000000000000000000000000000011001000000000000000000000000000000000000
000000000000000000000000000000000011100110000000000000000000000000000000000000000000000000000000000000000000000000000000000000000000000000111001100000000000000000000000000000000000
000000000000000000000000000000000011100110000000000000000000000000000000000000000000000000000000000000000000000000000000000000000000000000111001100000000000000000000000000000000000
000000000000000000000000000000000111000010000000000000000000000000000000000000000000000000000000000000000000000000000000000000000000000000110000110000000000000000000000000000000000
000000000000000000000000000000000110000011000000000000000000000000000000000000000000000000000000000000000000000000000000000000000000000001110000110000000000000000000000000000000000
000000000000000000000000000000000110000001000000000000000000000000000000000000000111000000000000111000000000000000000000000000000000000001100000110000000000000000000000000000000000
000000000000000000000000000000001110000001100000000000000000000100000000000000011111110000000011111110000000000000001000000000000000000011100000111000000000000000000000000000000000
000000000000000000000000000000001100000001100000000000000000000111000000000111111000011100001110000111111000000000111000000000000000000011100000011000000000000000000000000000000000
000000000000000000000000000000011100000000110000000000000000000111100000111111100000000111110000000001111111000001111000000000000000000111000000011100000000000000000000000000000000
000000000000000000000000000000011100000000110000000000000000000011111111111000000000000000000000000000000111111111110000000000000000000111000000011100000000000000000000000000000000
000000000000000000000000000000111000000000011000000000000000000000011111101101111111100000000001111111101101111110000000000000000000001110000000001110000000000000000000000000000000
000000000000000000000000000000111000000000011100000000000000000000000111111111111111111110111111111111111111111000000000000000000000011100000000001110000000000000000000000000000000
000000000000000000000000000000110000000000001110000000000000000000000110000000000000111111111110000000000000111000000000000000000000111100000000000110000000000000000000000000000000
000000000000000000000000000000110000000000000110000000000000000000000011100000000000000111110000000000000011110000000000000000000000110000000000000110000000000000000000000000000000
000000000000000000000000000000110000000000000111000000000000000000000001111000000000000000000000000000001111100000000000000000000001110000000000000110000000000000000000000000000000
000000000000000000000000000000110000000000000011100000000000000000000000111100000000000000000000000000011110000000000000000000000011110000000000000110000000000000000000000000000000
000000000000000000000000000000110000000000000011100000000000000000000000011110000000000000000000000000111100000000000000000000000011110000000000000110000000000000000000000000000000
000000000000000000000000000000111000000000000011110000000000000000000000001111100000000000000000000011111000000000000000000000000111110000000000001110000000000000000000000000000000
000000000000000000000000000000111000000000000011111000000000000000000000000011111110000000000000111111100000000000000000000000001111110000000000001110000000000000000000000000000000
000000000000000000000000000000111000000000000011011000000000000000000000000000111111111111111111111110000000000000000000000000001100110000000000001110000000000000000000000000000000
000000000000000000000000000000110000000000000011011100000000000000000000000000000111111111111111110000000000000000000000000000011100110000000000000110000000000000000000000000000000
000000000000000000000000000000111000000000000011001110000000000000000000000000000000000011100000000000000000000000000000000000111000110000000000001110000000000000000000000000000000
000000000000000000000000000000011000000000000110001111000000000000000000000000000000000000000000000000000000000000000000000001111000011000000000001100000000000000000000000000000000
000000000000000000000000000000011100000000001110001111100000000000000000000000000000000000000000000000000000000000000000000011111000011000000000011100000000000000000000000000000000
000000000000000000000000000000001110000000011110001111110000000000000000000000000000000000000000000000000000000000000000000111111000011100000000111000000000000000000000000000000000
000000000000000000000000000000000110000000011000001101111000000000000000000000000000000000000000000000000000000000000000001111011000001100000000110000000000000000000000000000000000
000000000000000000000000000000000111000000111000001110111100000000000000000000000000000000000000000000000000000000000000011110111000001110000001110000000000000000000000000000000000
000000000000000000000000000000000011100000110000000110011110000000000000000000000000000000000000000000000000000000000000111100110000000110000011100000000000000000000000000000000000
000000000000000000000000000000000111110000000000000110001111000000000000000000000000000000000000000000000000000000000001111000110000000000000111110000000000000000000000000000000000
000000000000000000000000000000000111111000000000000111000111100000000000000000000000000000000000000000000000000000000011110001110000000000001111110000000000000000000000000000000000
000000000000000000000000000000001110111110000000000011000011110000000000000000000000000000000000000000000000000000000111100001100000000000111110111000000000000000000000000000000000
000000000000000000000000000000001100011110000000000011000001111000000000000000000000000000000000000000000000000000001111000001100000000000111100011000000000000000000000000000000000
000000000000000000000000000000011100000111100000000011000000111100000000000000000000000000000000000000000000000000011110000001100000000011110000011100000000000000000000000000000000
000000000000000000000000000000011000000011110000000011000000011110000000000000000000000000000000000000000000000000111100000001100000000111100000001100000000000000000000000000000000
000000000000000000000000000000111000000000110000000011000000001111000000000000000000000000000000000000000000000001111000000001100000000110000000001110000000000000000000000000000000
000000000000000000000000000000110000000000000000000111000000000011110000000000000000000000000000000000000000000111100000000001110000000000000000000110000000000000000000000000000000
000000000000000000000000000000110000000000000000000111000000000001111000000000000000000000000000000000000000001111000000000001110000000000000000000110000000000000000000000000000000
000000000000000000000000000000110000000000000000001110000000000000011110000000000000000000000000000000000000111100000000000000111000000000000000000110000000000000000000000000000000
000000000000000000000000000000110000000000000000011100000000000000001111100000000000000000000000000000000011111000000000000000011100000000000000000110000000000000000000000000000000
000000000000000000000000000000110000000000000000111100000000000000000011111000000000000000000000000000001111100000000000000000011110000000000000000110000000000000000000000000000000
000000000000000000000000000000111000000000000001111100000000000000000001111110000000000000000000000000111111000000000000000000011111000000000000001110000000000000000000000000000000
000000000000000000000000000000011000000000000011101110000000000000000000011111100000000000000000000011111100000000000000000000111011100000000000001100000000000000000000000000000000
000000000000000000000000000000011000000000011111100110000000000000000000000111111100000000000000011111110000000000000000000000110011111100000000001100000000000000000000000000000000
000000000000000000000000000000011100000000011110000111000000000000000000000001111111111000001111111111000000000000000000000001110000111100000000011100000000000000000000000000000000
000000000000000000000000000000001110000000111000000011000000000000000000000000001111111111111111111000000000000000000000000001100000001110000000111000000000000000000000000000000000
000000000000000000000000000000001110000000110000000011100000000000000000000000000000001111111000000000000000000000000000000011100000000110000000111000000000000000000000000000000000
000000000000000000000000000000000111100000000000000001100000000000000000000000000000000000000000000000000000000000000000000011000000000000000011110000000000000000000000000000000000
000000000000000000000000000000000011110000000000000001100000000000000000000000000000000000000000000000000000000000000000000011000000000000000111100000000000000000000000000000000000
000000000000000000000000000000000001110000000000000011100000000000000000000000000000000000000000000000000000000000000000000011100000000000000111000000000000000000000000000000000000
000000000000000000000000000000000000111100000000000011100000000000000000000000000000000000000000000000000000000000000000000011100000000000011110000000000000000000000000000000000000
000000000000000000000000000000000000011110000000000111000000000000000000000000000000000000000000000000000000000000000000000001110000000000111100000000000000000000000000000000000000
000000000000000000000000000000000000001110000000000111000000000000000000000000000000000000000000000000000000000000000000000001110000000000111000000000000000000000000000000000000000
000000000000000000000000000000000000000000000000000000000000000000000000000000000000000000000000000000000000000000000000000000000000000000000000000000000000000000000000000000000000
000000000000000000000000000000000000000000000000000000000000000000000000000000000000000000000000000000000000000000000000000000000000000000000000000000000000000000000000000000000000
