1111111111111111111111111111111111111111111111111111111111111111111111111111111111111111111111111111
1111111111111111111111111111111111111111111111111111111111111111111111111111111111111111111111111111
1111111111111111111111111111111111111111111111111111111111111111111111111111111111111111111111111111
1111111111111111111111111111111111111111111111111111111111111111111111111111111111111111111111111111
1111111111111111111111111111111111111111111111111111111111111111111111111111111111111111111111111111
1111111111111111111111111111111111111111111111111111111111111111111111111111111111111111111111111111
1111111111111111111111111111111111111111111111111111111111111111111111111111111111111111111111111111
1111111111111111111111111111111111111111111111111111111111111111111111111111111111111111111111111111
1111111111111111111111111111111111111111111111111111111111111111111111111111111111111111111111111111
1111111110000000000000000000000000000000000000000000000000000000000000000000000000000000001111111111
1111111110111111111111111111111111111111111111111111111111111111111111111111111111111111101111111111
1111111110111111111111111111111111111111111111111111111111111111111111111111111111111111101111111111
1111111110111111111111111111111111111111111111111111111111111111111111111111111111111111101111111111
1111111110111111111111111111111111111111000001111100000111111111111111111111111111111111101111111111
1111111110111111111111111111111111111110000000110000000111111111111111111111111111111111101111111111
1111111110111111111111111111111111111100011100000001111111111111111111111111111111111111101111111111
1111111110111111111111111111111111111100111110000011111111111111111111111111111111111111101111111111
1111111110111111111111111111111111111100111110001111111111111111111111111111111111111111101111111111
1111111110111111111111111111111111111100111110001111111111111111111111111111111111111111101111111111
1111111110111111111111111111111111111111111000000000011111111111111111111111111111111111101111111111
1111111110111111111111111111111111111110000000000000000001111111111111111111111111111111101111111111
1111111110111111111111111111111111111000000011111111000000011111111111111111111111111111101111111111
1111111110111111111111111111111111100000111111111111111100000111111111111111111111111111101111111111
1111111110111111111111111111111111000011111111111111111111000011111111111111111111111111101111111111
1111111110111111111111111111111100001111111111111111111111110000111111111111111111111111101111111111
1111111110111111111111111111111000011111111111111111111111111000011111111111111111111111101111111111
1111111110111111111111111111110001111111111111111111111111111110001111111111111111111111101111111111
1111111110111111111111111111100011111111111111111111111111111111000111111111111111111111101111111111
1111111110111111111111111111000111111111111111111111111111111111100011111111111111111111101111111111
1111111110111111111111111110001111111111111111111111111111111111110001111111111111111111101111111111
1111111110111111111111111110011111111111111111111111111111111111111001111111111111111111101111111111
1111111110111111111111111100011111111111111111111111111111111111111000111111111111111111101111111111
1111111110111111111111111000111111111111111111111111111111111111111100011111111111111111101111111111
1111111110111111111111111001111111111111111111111111111111111111111110011111111111111111101111111111
1111111110111111111111110001111111111111111111111111111111111111111110001111111111111111101111111111
1111111110111111111111110011111111111111111111111111111111111111111111001111111111111111101111111111
1111111110111111111111100011111111111111111111111111111111111111111111000111111111111111101111111111
1111111110111111111111100111111111111111111111111111111111111111111111100111111111111111101111111111
1111111110111111111111000111111111111111111111111111111111111111111111100011111111111111101111111111
1111111110111111111111001111111111111111111111111111111111111111111111110011111111111111101111111111
1111111110111111111111001111111111111111111111111111111111111111111111110011111111111111101111111111
1111111110111111111110001111111111111111111111111111111111111111111111110001111111111111101111111111
1111111110111111111110011111111110000001111111111111111111000000001111111001111111111111101111111111
1111111110111111111110011111110000000000011111111111111100000000000111111001111111111111101111111111
1111111110111111111110011111100000011000011111111111111000001111000111111001111111111111101111111111
1111111110111111111100011111000011111110001111111111111001111111100011111000111111111111101111111111
1111111110111111111100111110001111111111001111111111110001111111100011111100111111111111101111111111
1111111110111111111100111110011111111111001110011100110011111111110011111100111111111111101111111111
1111111110111111111100111111111111111111111110011100111111111111111111111100111111111111101111111111
1111111110111111111100111111111111111111111110011100111111111111111111111100111111111111101111111111
1111111110111111111100111111111111111111111110011100111111111111111111111100111111111111101111111111
1111111110111111111100111111111111111111111110011100111111111111111111111100111111111111101111111111
1111111110111111111100111111111111111111111110011100111111111111111111111100111111111111101111111111
1111111110111111111100111111111111111111111110011100111111111111111111111100111111111111101111111111
1111111110111111111100111111111111111111111110011100111111111111111111111100111111111111101111111111
1111111110111111111100111111111111111111111110011100111111111111111111111100111111111111101111111111
1111111110111111111100111111111111111111111110011100111111111111111111111100111111111111101111111111
1111111110111111111100111111111111111111111100011100011111111111111111111100111111111111101111111111
1111111110111111111100011111111111111111111000111110001111111111111111111000111111111111101111111111
1111111110111111111110011111111111111111111001100110001111111111111111111001111111111111101111111111
1111111110111111111110011111111111111111111111100111111111111111111111111001111111111111101111111111
1111111110111111111110011111111111111111111111111111111111111111111111111001111111111111101111111111
1111111110111111111110001111111111111111111111111111111111111111111111110001111111111111101111111111
1111111110111111111111001111111111111111111111111111111111111111111111110011111111111111101111111111
1111111110111111111111001111111111111111111111111111111111111111111111110011111111111111101111111111
1111111110111111111111000111111111110000011111111111111111111111111111100011111111111111101111111111
1111111110111111111111100111111111000000001111111111111111111111111111100111111111111111101111111111
1111111110111111111111100011111110000110000011111111111111111111111111000111111111111111101111111111
1111111110111111111111110011111110011111100001111111111111111111111111001111111111111111101111111111
1111111110111111111111110001111111111111110000000011111111111111111110001111111111111111101111111111
1111111110111111111111111001111111111111111000000011111111111111111110011111111111111111101111111111
1111111110111111111111111000111111111111111110001111111111111111111100011111111111111111101111111111
1111111110111111111111111100011111111111111111111111111111111111111000111111111111111111101111111111
1111111110111111111111111110011111111111111111111111111111111111111001111111111111111111101111111111
1111111110111111111111111110001111111111111111111111111111111111110001111111111111111111101111111111
1111111110111111111111111111000111111111111111111111111111111111100011111111111111111111101111111111
1111111110111111111111111111100011111111111111111111111111111111000111111111111111111111101111111111
1111111110111111111111111111110001111111111111111111111111111110001111111111111111111111101111111111
1111111110111111111111111111111000011111111111111111111111111000011111111111111111111111101111111111
1111111110111111111111111111111100001111111111111111111111110000111111111111111111111111101111111111
1111111110111111111111111111111111000011111111111111111111000011111111111111111111111111101111111111
1111111110111111111111111111111111100000111111111111111100000111111111111111111111111111101111111111
1111111110111111111111111111111111111000000011111111000000011111111111111111111111111111101111111111
1111111110111111111111111111111111111110000000000000000001111111111111111111111111111111101111111111
1111111110111111111111111111111111111111111000000000011111111111111111111111111111111111101111111111
1111111110111111111111111111111111111111111111111111111111111111111111111111111111111111101111111111
1111111110111111111111111111111111111111111111111111111111111111111111111111111111111111101111111111
1111111110111111111111111111111111111111111111111111111111111111111111111111111111111111101111111111
1111111110111111111111111111111111111111111111111111111111111111111111111111111111111111101111111111
1111111110000000000000000000000000000000000000000000000000000000000000000000000000000000001111111111
1111111111111111111111111111111111111111111111111111111111111111111111111111111111111111111111111111
1111111111111111111111111111111111111111111111111111111111111111111111111111111111111111111111111111
1111111111111111111111111111111111111111111111111111111111111111111111111111111111111111111111111111
1111111111111111111111111111111111111111111111111111111111111111111111111111111111111111111111111111
1111111111111111111111111111111111111111111111111111111111111111111111111111111111111111111111111111
1111111111111111111111111111111111111111111111111111111111111111111111111111111111111111111111111111
1111111111111111111111111111111111111111111111111111111111111111111111111111111111111111111111111111
1111111111111111111111111111111111111111111111111111111111111111111111111111111111111111111111111111
1111111111111111111111111111111111111111111111111111111111111111111111111111111111111111111111111111
1111111111111111111111111111111111111111111111111111111111111111111111111111111111111111111111111111
